-0.003232	 0.000000
 0.098610	 0.000667
 0.016186	 0.000857
 0.070071	 0.001739
 0.085148	 0.001999
 0.096561	 0.004443
 0.091491	 0.001113
 0.083813	 0.007516
 0.106446	 0.004637
 0.121294	 0.015914
 0.202026	 0.016321
 0.046859	 0.020900
 0.058778	 0.021753
 0.172578	 0.009019
 0.155702	 0.030215
 0.066416	 0.011050
 0.258555	 0.017989
 0.209798	 0.019468
 0.501573	 0.052014
 0.503537	 0.041088
 0.130975	 0.040579
 0.251806	 0.034007
 0.114628	 0.049418
 0.378760	 0.067878
 0.728630	 0.073284
 0.510697	 0.024115
 0.729421	 0.030051
 0.237523	 0.081430
 0.120549	 0.083495
 0.691954	 0.029576
 0.569449	 0.052144
 0.822321	 0.044388
 0.698480	 0.044241
 0.190326	 0.066053
 0.270617	 0.107641
 0.940448	 0.119443
 0.260715	 0.129340
 0.172107	 0.084405
 0.201084	 0.040610
 0.910906	 0.084641
 1.076027	 0.149409
 0.503376	 0.089881
 0.258172	 0.138012
 0.940029	 0.053890
 0.857069	 0.207821
 1.134423	 0.123062
 0.266334	 0.256023
 1.019819	 0.121943
 0.851717	 0.219395
 1.295969	 0.258703
 1.177064	 0.094500
 0.443787	 0.167858
 0.171004	 0.066765
 0.558145	 0.296899
 0.234329	 0.382346
 0.383965	 0.225587
 0.156452	 0.338515
 1.363142	 0.434191
 0.332109	 0.352321
 1.094366	 0.122037
 0.710231	 0.400513
 0.324984	 0.443709
 1.139565	 0.378398
 1.029676	 0.122574
 1.204511	 0.314737
 0.886200	 0.393790
 1.277794	 0.321273
 1.101754	 0.506818
 0.860766	 0.316032
 0.479236	 0.576117
 0.696234	 0.376527
 1.184463	 0.361173
 0.401605	 0.357071
 0.638920	 0.445767
 0.787487	 0.082491
 0.562957	 0.371412
 0.540287	 0.304756
 0.143358	 0.296148
 0.750007	 0.128448
 0.294560	 0.616301
 0.832255	 0.247395
 1.203086	 0.632916
 0.796475	 0.658936
 0.526717	 0.185514
 0.584266	 0.722157
 1.030577	 0.765686
 1.199286	 0.826185
 0.967218	 0.161407
 0.392256	 0.606852
 0.431644	 0.319298
 0.813704	 0.399493
 0.883687	 0.139518
 0.911927	 0.681339
 0.553503	 0.779444
 0.657732	 0.328619
 0.200681	 0.561771
 1.115443	 0.204000
 0.448211	 0.796019
 0.743736	 0.714326
 0.584687	 0.834031
 0.724795	 0.925196
 0.120149	 0.399886
 0.443094	 0.885025
 0.104200	 1.026216
 0.302797	 0.488210
 0.290643	 0.213584
 0.594452	 0.408943
 0.618509	 0.585901
 0.243308	 0.678576
 0.762336	 0.929487
 0.259421	 0.644160
 0.616496	 0.509896
 0.609703	 0.938616
 0.258650	 0.231285
 0.223988	 0.248093
 0.293729	 1.037949
 0.300316	 0.206679
 0.314663	 0.150999
 0.424766	 0.881056
 0.535283	 0.491991
 0.205441	 1.035860
 0.378839	 0.202556
 0.364245	 1.033286
 0.297252	 1.065848
 0.275397	 0.258180
 0.148309	 0.304001
 0.345315	 0.984328
 0.058732	 0.540968
 0.261006	 1.142364
 0.226100	 1.149325
 0.293364	 0.829766
 0.320891	 0.209691
 0.111806	 0.517605
 0.151547	 0.853297
 0.114531	 1.173474
 0.123562	 0.688231
 0.085584	 0.159138
 0.087228	 0.965402
 0.095965	 0.583151
 0.089968	 0.409024
 0.066489	 0.624177
 0.057860	 0.762544
 0.007737	 0.328044
 0.008407	 1.028621
 0.002064	 0.286705
-0.000666	 0.546095
 0.002725	 0.411646
 0.009553	 0.239814
 0.012699	 0.262440
 0.012642	 0.264564
 0.020541	 0.369022
 0.034379	 0.582925
 0.056206	 1.024392
 0.038819	 0.773031
 0.057014	 0.944521
 0.105192	 0.276088
 0.175935	 1.032269
 0.048139	 0.294270
 0.145459	 0.452217
 0.093360	 0.236299
 0.153436	 0.892013
 0.155448	 0.212918
 0.169665	 0.944401
 0.209685	 0.497044
 0.100991	 0.993809
 0.274504	 0.211399
 0.165966	 1.171430
 0.121798	 0.231161
 0.255349	 0.939720
 0.123397	 0.345463
 0.384067	 0.573142
 0.089893	 0.863156
 0.136786	 0.219425
 0.516779	 0.824423
 0.141302	 1.145501
 0.474704	 0.164528
 0.229576	 0.954092
 0.275917	 1.032568
 0.139408	 0.369530
 0.183814	 0.516542
 0.101293	 0.137261
 0.452735	 0.302582
 0.130832	 1.071450
 0.712508	 0.756550
 0.212795	 0.287316
 0.681539	 0.146591
 0.729361	 0.785906
 0.603127	 0.979733
 0.222918	 0.676004
 0.505796	 0.555458
 0.099519	 0.419099
 0.120130	 0.287042
 0.932064	 0.358527
 0.793067	 0.563683
 0.903194	 0.316761
 0.721854	 0.812748
 0.613628	 0.471308
 0.812043	 0.243439
 0.866643	 0.297980
 0.580300	 0.739718
 0.502318	 0.251822
 0.268292	 0.910161
 0.301359	 0.366483
 0.514840	 0.435556
 0.812592	 0.189032
 0.827871	 0.794020
 0.202788	 0.501868
 1.072182	 0.408558
 0.301838	 0.533735
 0.180826	 0.356151
 0.144216	 0.553676
 0.177283	 0.425102
 0.318100	 0.680093
 0.413281	 0.590428
 0.503199	 0.258747
 1.026746	 0.605050
 0.592186	 0.350874
 0.789934	 0.162181
 0.281584	 0.577471
 0.327625	 0.620516
 0.193966	 0.416059
 0.556420	 0.365556
 1.087991	 0.078012
 1.006580	 0.543102
 0.667963	 0.177803
 0.321140	 0.585815
 0.709786	 0.337817
 0.736045	 0.398517
 0.243805	 0.257123
 1.260257	 0.411978
 1.198603	 0.547553
 1.238569	 0.198642
 0.532982	 0.309058
 0.862493	 0.482496
 0.815601	 0.143094
 0.737200	 0.385823
 0.760787	 0.415224
 0.766292	 0.204958
 0.503855	 0.125391
 0.487437	 0.216713
 0.244969	 0.311637
 0.870445	 0.393343
 0.490775	 0.255476
 0.679351	 0.231849
 0.503559	 0.344840
 0.520100	 0.150942
 0.744543	 0.179143
 0.879569	 0.122601
 0.912757	 0.216500
 0.729800	 0.338206
 0.826710	 0.196079
 0.313503	 0.239874
 0.322528	 0.095805
 0.870943	 0.201464
 1.005991	 0.258787
 0.608901	 0.185887
 0.428863	 0.099409
 0.355151	 0.220986
 0.664086	 0.138886
 0.688097	 0.185337
 0.784455	 0.060477
 0.260517	 0.131020
 0.244129	 0.095438
 0.130161	 0.171785
 0.280447	 0.061168
 0.627902	 0.104859
 0.303469	 0.026643
 0.720923	 0.020028
 0.751732	 0.110246
 0.273301	 0.020408
 0.124496	 0.112764
 0.173025	 0.053845
 0.606154	 0.138829
 0.200529	 0.081678
 0.281219	 0.043069
 0.274707	 0.122953
 0.110479	 0.014846
 0.441189	 0.102577
 0.217455	 0.102817
 0.422779	 0.019147
 0.054309	 0.012592
 0.315297	 0.063218
 0.189494	 0.052114
 0.054082	 0.092422
 0.171791	 0.052527
 0.103057	 0.033807
 0.116890	 0.018083
 0.128367	 0.078862
 0.094380	 0.064548
 0.046820	 0.014647
 0.074535	 0.024861
 0.029065	 0.036569
 0.041401	 0.012614
 0.003450	 0.029952
 0.000891	 0.017609
 0.002427	 0.050803
 0.013433	 0.073762
 0.057330	 0.065862
 0.042079	 0.033826
 0.034642	 0.065130
 0.116065	 0.052776
 0.104182	 0.072508
 0.060908	 0.030000
 0.189372	 0.081120
 0.277454	 0.067317
 0.138635	 0.079196
 0.187480	 0.033214
 0.107142	 0.100291
 0.183600	 0.058672
 0.081619	 0.065334
 0.332759	 0.016115
 0.229186	 0.027420
 0.302650	 0.070243
 0.109228	 0.103590
 0.238668	 0.023526
 0.125841	 0.054242
 0.225328	 0.125444
 0.405852	 0.054535
 0.123167	 0.130237
 0.141344	 0.082795
 0.274043	 0.029325
 0.539371	 0.099875
 0.178051	 0.098567
 0.383364	 0.171032
 0.491084	 0.025948
 0.146977	 0.186289
 0.180126	 0.199102
 0.293947	 0.208314
 0.302102	 0.188133
 0.804839	 0.088868
 0.516088	 0.068177
 0.362428	 0.182201
 0.566853	 0.139967
 0.652684	 0.202749
 0.694682	 0.177957
 0.430891	 0.145509
 1.009815	 0.079684
 0.352997	 0.147056
 0.201259	 0.037355
 0.748960	 0.065772
 1.039201	 0.104023
 0.314228	 0.125489
 0.704810	 0.287856
 0.578281	 0.339643
 1.062787	 0.118705
 0.455737	 0.186832
 0.248486	 0.296604
 0.295853	 0.247198
 0.412436	 0.132398
 0.806720	 0.074819
 0.571178	 0.199238
 0.937756	 0.181319
 0.381889	 0.270226
 0.176549	 0.175136
 0.944791	 0.411413
 0.495444	 0.305297
 0.997088	 0.171027
 0.497265	 0.299951
 0.324130	 0.434103
 0.208518	 0.467810
 0.706261	 0.358448
 0.814203	 0.441691
 1.107302	 0.598989
 0.678530	 0.312494
 0.264947	 0.396664
 0.144847	 0.451746
 0.281377	 0.338615
 0.849213	 0.575850
 0.612828	 0.337161
 0.392388	 0.468960
 0.156106	 0.532563
 0.304826	 0.600943
 1.114883	 0.542583
 0.221425	 0.387175
 0.765895	 0.155506
 0.305308	 0.158396
 0.667634	 0.510470
 0.842759	 0.761882
 0.988399	 0.661551
 0.174953	 0.632540
 0.367294	 0.451135
 0.378679	 0.345652
 0.498939	 0.205120
 0.262760	 0.194569
 0.133878	 0.780972
 0.627006	 0.585271
 0.963679	 0.843541
 0.767241	 0.311095
 0.944714	 0.713756
 0.986949	 0.121614
 0.415796	 0.176643
 0.725964	 0.736304
 0.422978	 0.417615
 0.256454	 0.549369
 0.221577	 0.176408
 0.435962	 0.524498
 0.539588	 0.421550
 0.720921	 0.717756
 0.587466	 0.397320
 0.087211	 0.142639
 0.178984	 0.910870
 0.605713	 0.451176
 0.412571	 0.959980
 0.205876	 0.845689
 0.492996	 0.113876
 0.538736	 0.307760
 0.193028	 0.148169
 0.418619	 0.263798
 0.646140	 0.200678
 0.455130	 1.067280
 0.106028	 0.418432
 0.322235	 1.078116
 0.301381	 0.516136
 0.148162	 0.670270
 0.327009	 0.655668
 0.420377	 0.962644
 0.118722	 0.264562
 0.224198	 0.529787
 0.068752	 0.748143
 0.321218	 0.434399
 0.126889	 0.545615
 0.162105	 0.459125
 0.041670	 0.836458
 0.096015	 0.860753
 0.215748	 0.423596
 0.146147	 0.689935
 0.121367	 0.230261
 0.090453	 0.791451
 0.027894	 0.230112
 0.130107	 1.018573
 0.108212	 0.457678
 0.046811	 0.152661
 0.027766	 1.085540
 0.016507	 0.736744
 0.010949	 1.032978
 0.008169	 0.324732
 0.001420	 0.424807
 0.002823	 0.414965
 0.011088	 0.500669
 0.006855	 0.147319
 0.015710	 1.135671
 0.073123	 0.548985
 0.031744	 0.608768
 0.113124	 0.160029
 0.133299	 0.407657
 0.156521	 0.145843
 0.059708	 0.752008
 0.163595	 0.999676
 0.240418	 0.983924
 0.239941	 0.667811
 0.090894	 0.637122
 0.085305	 0.307606
 0.258277	 0.750044
 0.308119	 0.449100
 0.182797	 0.215200
 0.262000	 0.522712
 0.124264	 0.311674
 0.352952	 0.879564
 0.305533	 0.657328
 0.157745	 0.894313
 0.137590	 0.158376
 0.428721	 0.351039
 0.532479	 1.003792
 0.098163	 0.638541
 0.272682	 0.293912
 0.259992	 0.581118
 0.236006	 0.568245
 0.605595	 0.494796
 0.506421	 0.335601
 0.230148	 0.222843
 0.520055	 0.459954
 0.415991	 0.258032
 0.536728	 0.449465
 0.405412	 0.367752
 0.261207	 0.774801
 0.776578	 0.968616
 0.611529	 0.851264
 0.449520	 0.503242
 0.829772	 0.951793
 0.831154	 0.541955
 0.755713	 0.132671
 0.293357	 0.706029
 0.217050	 0.230624
 0.250402	 0.756173
 0.559069	 0.154342
 0.224049	 0.213354
 0.290638	 0.329764
 0.479580	 0.227766
 0.663243	 0.807707
 0.379157	 0.587298
 0.330081	 0.739743
 0.610276	 0.492750
 0.666601	 0.654332
 0.970538	 0.498103
 0.639599	 0.481955
 0.936160	 0.147191
 0.261221	 0.626313
 1.086792	 0.240272
 1.008502	 0.431818
 0.509855	 0.609766
 0.601015	 0.144742
 0.466270	 0.597908
 0.559801	 0.655993
 0.797172	 0.529714
 1.159654	 0.491851
 0.445486	 0.408877
 0.563786	 0.677477
 1.036488	 0.483004
 0.714071	 0.300901
 0.730987	 0.117382
 0.279777	 0.269331
 0.655765	 0.126608
 0.144177	 0.087642
 0.503558	 0.498696
 0.747592	 0.572678
 0.277787	 0.365891
 0.407699	 0.394379
 0.500108	 0.473253
 0.673770	 0.242598
 1.042999	 0.091169
 0.418063	 0.307149
 0.588453	 0.335428
 1.008429	 0.416854
 0.413897	 0.128150
 0.520096	 0.445831
 0.884076	 0.432987
 0.787166	 0.301588
 1.083613	 0.163518
 0.280821	 0.374541
 0.481368	 0.169540
 0.793572	 0.334461
 0.513208	 0.217507
 0.958110	 0.073341
 0.855530	 0.262782
 0.229595	 0.115420
 1.029334	 0.156933
 1.003784	 0.262176
 0.871107	 0.277042
 0.505040	 0.134089
 0.485783	 0.293901
 0.421110	 0.098750
 0.392610	 0.039446
 0.828630	 0.291901
 0.531100	 0.093272
 0.337281	 0.175929
 0.440168	 0.135110
 0.103946	 0.073256
 0.086530	 0.228623
 0.765626	 0.233981
 0.635050	 0.114584
 0.391642	 0.178179
 0.330988	 0.087034
 0.300467	 0.069086
 0.285524	 0.064951
 0.592301	 0.193315
 0.566258	 0.159731
 0.343510	 0.090854
 0.098787	 0.090728
 0.129039	 0.158197
 0.315647	 0.058277
 0.307959	 0.067155
 0.111099	 0.084638
 0.377813	 0.030204
 0.094544	 0.157064
 0.057865	 0.117557
 0.245912	 0.141725
 0.137217	 0.127399
 0.269861	 0.094803
 0.221009	 0.049146
 0.060071	 0.022879
 0.105777	 0.105310
 0.122214	 0.049425
 0.071896	 0.114640
 0.018671	 0.091196
 0.043002	 0.036873
 0.026511	 0.054452
 0.063593	 0.042890
 0.011640	 0.062564
 0.010208	 0.024033
 0.027266	 0.039512
 0.051933	 0.027818
 0.087413	 0.123755
 0.032579	 0.119174
 0.043618	 0.037237
 0.146488	 0.074177
 0.154509	 0.143509
 0.091912	 0.053573
 0.166922	 0.057994
 0.240888	 0.129422
 0.169624	 0.145087
 0.423741	 0.043081
 0.076408	 0.057048
 0.089212	 0.086756
 0.155832	 0.060806
 0.138192	 0.145297
 0.081655	 0.033882
 0.287003	 0.033749
 0.136908	 0.135049
 0.227211	 0.024308
 0.335350	 0.059884
 0.274652	 0.023270
 0.440037	 0.146833
 0.361468	 0.044728
 0.151761	 0.147561
 0.639201	 0.042889
 0.560579	 0.201099
 0.708743	 0.149399
 0.118830	 0.060937
 0.222982	 0.033857
 0.195491	 0.245564
 0.700794	 0.252452
 0.247823	 0.142854
 0.576035	 0.109231
 0.299682	 0.231953
 0.138725	 0.203687
 0.436924	 0.099666
 0.287038	 0.098311
 0.250404	 0.193665
 0.526871	 0.323139
 0.911692	 0.164962
 0.957170	 0.227691
 0.685314	 0.124469
 0.133336	 0.101406
 0.758609	 0.318463
 0.819447	 0.143641
 0.605013	 0.369250
 0.918818	 0.279493
 0.581913	 0.162743
 0.338137	 0.083029
 0.255938	 0.369194
 0.324080	 0.292390
 0.557334	 0.318340
 0.859261	 0.419964
 0.513129	 0.074861
 0.806997	 0.337463
 0.985521	 0.487619
 0.659261	 0.302372
 0.270822	 0.360016
 0.449826	 0.521532
 1.051757	 0.342451
 1.002813	 0.065563
 0.345247	 0.253420
 0.887155	 0.476334
 1.111852	 0.584780
 0.515349	 0.128953
 1.033761	 0.511539
 0.427471	 0.596938
 0.134163	 0.277774
 0.167471	 0.394844
 1.042549	 0.450577
 0.278363	 0.561692
 0.519597	 0.517889
 1.032901	 0.580477
 0.283044	 0.324442
 0.909275	 0.339128
 0.550520	 0.635143
 0.320363	 0.202634
 0.810404	 0.235270
 0.701199	 0.585213
 0.705088	 0.228342
 0.675813	 0.090178
 0.256147	 0.382736
 0.725780	 0.287952
 0.182695	 0.736678
 0.323816	 0.425273
 0.562687	 0.664568
 0.321041	 0.292713
 0.434839	 0.762524
 0.665681	 0.690401
 0.207849	 0.371749
 0.367894	 0.109983
 0.511018	 0.372415
 0.140147	 0.150601
 0.206643	 0.577910
 0.602755	 0.781208
 0.148931	 0.706235
 0.212419	 0.711423
 0.275025	 0.268748
 0.538954	 0.275712
 0.277289	 0.805183
 0.556957	 0.576062
 0.325906	 0.904347
 0.341704	 0.394683
 0.558992	 0.145035
 0.423032	 0.294142
 0.342637	 0.986221
 0.268147	 0.385454
 0.462512	 0.592041
 0.410118	 0.391735
 0.394059	 0.233430
 0.216103	 0.195819
 0.094889	 0.245414
 0.162080	 0.502158
 0.255369	 0.963845
 0.411478	 0.294249
 0.188604	 0.558511
 0.310794	 0.807303
 0.226194	 0.585427
 0.221284	 0.536436
 0.106027	 0.412804
 0.109406	 0.116192
 0.211303	 0.946353
 0.164335	 1.005778
 0.097542	 0.220495
 0.172278	 0.291895
 0.057729	 0.290087
 0.151994	 0.836021
 0.119430	 0.799217
 0.059859	 0.646406
 0.114022	 0.956249
 0.078369	 0.601888
 0.034884	 0.198332
 0.024188	 0.981849
 0.014898	 0.129351
 0.000340	 0.866039
 0.002069	 0.552901
 0.002714	 0.288386
 0.041605	 0.880279
 0.036485	 0.377689
 0.039850	 1.013613
 0.033229	 0.468384
 0.073177	 0.155897
 0.058263	 0.875971
 0.090353	 0.188423
 0.161034	 0.774905
 0.112029	 0.750043
 0.151777	 0.319419
 0.116216	 0.187498
 0.081154	 0.611964
 0.272257	 0.317544
 0.213072	 0.179674
 0.342475	 0.965062
 0.331498	 0.416859
 0.213749	 0.272890
 0.386271	 0.951533
 0.145386	 0.437706
 0.106537	 0.904815
 0.426756	 0.773627
 0.281398	 0.610837
 0.388561	 1.004813
 0.057359	 0.875620
 0.161780	 0.997345
 0.358587	 0.255053
 0.163301	 0.822789
 0.607427	 0.139137
 0.533549	 0.352277
 0.339549	 0.418711
 0.615516	 0.366574
 0.183949	 0.487051
 0.259154	 0.629010
 0.233613	 0.222304
 0.707531	 0.298608
 0.740506	 0.368907
 0.356664	 0.163589
 0.119582	 0.317293
 0.747821	 0.902244
 0.630267	 0.559051
 0.559863	 0.315765
 0.389185	 0.664974
 0.719050	 0.719746
 0.495572	 0.738711
 0.722347	 0.412059
 0.479169	 0.830552
 0.577213	 0.724509
 0.384577	 0.547057
 0.498399	 0.481552
 0.861079	 0.696443
 0.931541	 0.126239
 0.806868	 0.606988
 0.796415	 0.193029
 0.876363	 0.353298
 0.580918	 0.439914
 0.891000	 0.330420
 0.349199	 0.157218
 0.265490	 0.177422
 0.111325	 0.510273
 0.323780	 0.202617
 0.506302	 0.417691
 0.363827	 0.491499
 0.740690	 0.320459
 0.366415	 0.229894
 0.181150	 0.475374
 0.340113	 0.364280
 0.517988	 0.626711
 0.849545	 0.204599
 0.581154	 0.579441
 0.510811	 0.547040
 0.936227	 0.196975
 1.022790	 0.423815
 0.145545	 0.543796
 0.550846	 0.471233
 0.420321	 0.168895
 0.896281	 0.495235
 0.332830	 0.424882
 0.643616	 0.420870
 0.327435	 0.206842
 0.902156	 0.408779
 0.401414	 0.454366
 0.416012	 0.260634
 0.514396	 0.112556
 0.654955	 0.101571
 0.204700	 0.085767
 0.271282	 0.430690
 0.719449	 0.311188
 0.805724	 0.232872
 0.858380	 0.055357
 0.771205	 0.234896
 0.637732	 0.192280
 0.136277	 0.231463
 0.764855	 0.054093
 0.832985	 0.165705
 0.623635	 0.119576
 0.164963	 0.195093
 0.249979	 0.056984
 0.453625	 0.234397
 0.485044	 0.096672
 0.627233	 0.167642
 0.388398	 0.218850
 0.323370	 0.107321
 0.182054	 0.297912
 0.409923	 0.199773
 0.644841	 0.134438
 0.287623	 0.219264
 0.393442	 0.209662
 0.192459	 0.069267
 0.120340	 0.191256
 0.146711	 0.152000
 0.546781	 0.192235
 0.496624	 0.050572
 0.095945	 0.217855
 0.239544	 0.046542
 0.397850	 0.154085
 0.194709	 0.112640
 0.105241	 0.100991
 0.411513	 0.160310
 0.102601	 0.039094
 0.351791	 0.146248
 0.089531	 0.196284
 0.130071	 0.080119
 0.287573	 0.049174
 0.186172	 0.029778
 0.030066	 0.170894
 0.247741	 0.047926
 0.203759	 0.048398
 0.128483	 0.108434
 0.078899	 0.089507
 0.085417	 0.119577
 0.108416	 0.041895
 0.045590	 0.152756
 0.059473	 0.144748
 0.044732	 0.026343
 0.032243	 0.143541
 0.004482	 0.165703
 0.003650	 0.139203
 0.049255	 0.057626
 0.026046	 0.155329
 0.048610	 0.096335
 0.033926	 0.105488
 0.075861	 0.144806
 0.084802	 0.106351
 0.079721	 0.193498
 0.076174	 0.178394
 0.222723	 0.065699
 0.214898	 0.186581
 0.037327	 0.206049
 0.145575	 0.080929
 0.081316	 0.181452
 0.047003	 0.051069
 0.142008	 0.163840
 0.075605	 0.043123
 0.240768	 0.147659
 0.275558	 0.228510
 0.048975	 0.056880
 0.087039	 0.178454
 0.127233	 0.234369
 0.170244	 0.066724
 0.412245	 0.072177
 0.252642	 0.150907
 0.396787	 0.138777
 0.124155	 0.137190
 0.452503	 0.231397
 0.071430	 0.208068
 0.417151	 0.046631
 0.592819	 0.119893
 0.096364	 0.267046
 0.302428	 0.086285
 0.500444	 0.127532
 0.575607	 0.255759
 0.622799	 0.050399
 0.220218	 0.270806
 0.851319	 0.297425
 0.299988	 0.055685
 0.667298	 0.172240
 0.119264	 0.054858
 0.772197	 0.066313
 0.847111	 0.277823
 0.175128	 0.268917
 0.550229	 0.389222
 0.326471	 0.175187
 0.242809	 0.314903
 0.224449	 0.361994
 0.674923	 0.328584
 0.259304	 0.352938
 0.517181	 0.076695
 0.714798	 0.098642
 0.553267	 0.172477
 0.109011	 0.342514
 0.421774	 0.455846
 0.836480	 0.219028
 0.667433	 0.171652
 0.466361	 0.441098
 0.415028	 0.448437
 0.774129	 0.248922
 0.284767	 0.302224
 0.954685	 0.341356
 0.526792	 0.532104
 0.202383	 0.326356
 0.749886	 0.535173
 0.295673	 0.173771
 0.737815	 0.387503
 0.843652	 0.379521
 0.912341	 0.574863
 0.529624	 0.092722
 0.786498	 0.620415
 0.527227	 0.332595
 0.844983	 0.570637
 0.263628	 0.394022
 0.607294	 0.280321
 0.212152	 0.465555
 0.218731	 0.633542
 0.151474	 0.364807
 0.406170	 0.298580
 0.421421	 0.580237
 0.865911	 0.633089
 0.166980	 0.587144
 0.103172	 0.539004
 0.151665	 0.583790
 0.519783	 0.428184
 0.502676	 0.686422
 0.537388	 0.327995
 0.695558	 0.661362
 0.810975	 0.276876
 0.527892	 0.196839
 0.504601	 0.581450
 0.215037	 0.484757
 0.442499	 0.721683
 0.378075	 0.508291
 0.184670	 0.117961
 0.233686	 0.496970
 0.773156	 0.384044
 0.751838	 0.756304
 0.364921	 0.877775
 0.142209	 0.200439
 0.478947	 0.215322
 0.527457	 0.778818
 0.157701	 0.866707
 0.273218	 0.883040
 0.131640	 0.607660
 0.340123	 0.757436
 0.096808	 0.208387
 0.470360	 0.763256
 0.207672	 0.626873
 0.450861	 0.924057
 0.263463	 0.253817
 0.145035	 0.887731
 0.352397	 0.390393
 0.085724	 0.870103
 0.392909	 0.356715
 0.349082	 0.803637
 0.056022	 0.911491
 0.148627	 0.502080
 0.311169	 0.227656
 0.159847	 0.546876
 0.134856	 0.966368
 0.201442	 0.759631
 0.115829	 0.369087
 0.139145	 0.213530
 0.213140	 0.353560
 0.184474	 0.612071
 0.055148	 0.377605
 0.133026	 0.393159
 0.034163	 0.554166
 0.034163	 0.956570
 0.060176	 0.849979
 0.023215	 0.448642
 0.024117	 0.304874
 0.039918	 0.548131
 0.001740	 0.964011
 0.000472	 0.171912
 0.009461	 0.780067
 0.013768	 0.588629
 0.062638	 0.868876
 0.012223	 0.390944
 0.077124	 0.872495
 0.022085	 0.451822
 0.056713	 0.504184
 0.171011	 0.277376
 0.079503	 0.922398
 0.103293	 0.561534
 0.150162	 0.788598
 0.039879	 0.248820
 0.130772	 0.790714
 0.048191	 0.477212
 0.112473	 0.602117
 0.133182	 0.253944
 0.150312	 0.183110
 0.182726	 0.333546
 0.045222	 0.382159
 0.189803	 0.638336
 0.342215	 0.470545
 0.135988	 0.734479
 0.232518	 0.151827
 0.431308	 0.218375
 0.309128	 0.804606
 0.369349	 0.151387
 0.287538	 0.298450
 0.553544	 0.297921
 0.141865	 0.812002
 0.568380	 0.465599
 0.537196	 0.296892
 0.125472	 0.238453
 0.313950	 0.556647
 0.245719	 0.362393
 0.129971	 0.581297
 0.466968	 0.313403
 0.429131	 0.563418
 0.391429	 0.610112
 0.370473	 0.536186
 0.495349	 0.394469
 0.702058	 0.610143
 0.715407	 0.661456
 0.356917	 0.097215
 0.354140	 0.095269
 0.225968	 0.714928
 0.172703	 0.290115
 0.311025	 0.436035
 0.766290	 0.283744
 0.692055	 0.240189
 0.411565	 0.419273
 0.366189	 0.718989
 0.715098	 0.203807
 0.504264	 0.227553
 0.484442	 0.511002
 0.218955	 0.720727
 0.535304	 0.128978
 0.767382	 0.262520
 0.233436	 0.172143
 0.675349	 0.572575
 0.744188	 0.276548
 0.106975	 0.403528
 0.403760	 0.309103
 0.418282	 0.487959
 0.330165	 0.319878
 0.319360	 0.400116
 0.692496	 0.624837
 0.702852	 0.076592
 0.875642	 0.204616
 0.833427	 0.073640
 0.229918	 0.449459
 0.598411	 0.350170
 0.516294	 0.580919
 0.788911	 0.458239
 0.789842	 0.478893
 0.494354	 0.361335
 0.263756	 0.146133
 0.626253	 0.430981
 0.655211	 0.372144
 0.788441	 0.102438
 0.726427	 0.411539
 0.571243	 0.224903
 0.201182	 0.243200
 0.383825	 0.368935
 0.566047	 0.131069
 0.123640	 0.197355
 0.472966	 0.442830
 0.273464	 0.222849
 0.524667	 0.246146
 0.649007	 0.433695
 0.745502	 0.213764
 0.483679	 0.201267
 0.430050	 0.171029
 0.180351	 0.200284
 0.638465	 0.202145
 0.409304	 0.380685
 0.518075	 0.148067
 0.321524	 0.047915
 0.510708	 0.201369
 0.580597	 0.340782
 0.300509	 0.162132
 0.124902	 0.203747
 0.187767	 0.041528
 0.272835	 0.283467
 0.119443	 0.315355
 0.379636	 0.096911
 0.268301	 0.113095
 0.332149	 0.057793
 0.353159	 0.256415
 0.391252	 0.222103
 0.421323	 0.278866
 0.289115	 0.176693
 0.238503	 0.206356
 0.286198	 0.141670
 0.314717	 0.066851
 0.145184	 0.179550
 0.113177	 0.251643
 0.097278	 0.254700
 0.070851	 0.135332
 0.225532	 0.181499
 0.170943	 0.220317
 0.240878	 0.120727
 0.104320	 0.172738
 0.081937	 0.092730
 0.171611	 0.069506
 0.075833	 0.054841
 0.032786	 0.162348
 0.041106	 0.077407
 0.063226	 0.221196
 0.091815	 0.222158
 0.056544	 0.027691
 0.031064	 0.110951
 0.034093	 0.114559
 0.008264	 0.112334
 0.002757	 0.128267
 0.003093	 0.133410
 0.040622	 0.126112
 0.033933	 0.134405
 0.023071	 0.175046
 0.030209	 0.087784
 0.094861	 0.131824
 0.149728	 0.068783
 0.078218	 0.136495
 0.113658	 0.205628
 0.137466	 0.243041
 0.071953	 0.066720
 0.160871	 0.131935
 0.178176	 0.227772
 0.047005	 0.137243
 0.194868	 0.127986
 0.219343	 0.224179
 0.065922	 0.098673
 0.160086	 0.060822
 0.050229	 0.244391
 0.057219	 0.052858
 0.225018	 0.079239
 0.128892	 0.232064
 0.177038	 0.227115
 0.272985	 0.285959
 0.295531	 0.302196
 0.441564	 0.113301
 0.458408	 0.291764
 0.216390	 0.250375
 0.068217	 0.059635
 0.289211	 0.171333
 0.317285	 0.166824
 0.327491	 0.261290
 0.277424	 0.237628
 0.364243	 0.259616
 0.168967	 0.164723
 0.500262	 0.294208
 0.489850	 0.107598
 0.376814	 0.139340
 0.175749	 0.048569
 0.555213	 0.217429
 0.487881	 0.224844
 0.690900	 0.321536
 0.619830	 0.391652
 0.390379	 0.287720
 0.354114	 0.345965
 0.239302	 0.167898
 0.699334	 0.305558
 0.571967	 0.334794
 0.747806	 0.406810
 0.544081	 0.375197
 0.397228	 0.167239
 0.335934	 0.207542
 0.110113	 0.125718
 0.358147	 0.190738
 0.189197	 0.510228
 0.599194	 0.357849
 0.571057	 0.116875
 0.765223	 0.431068
 0.506738	 0.282194
 0.611270	 0.214740
 0.339860	 0.375954
 0.713910	 0.293860
 0.611499	 0.367572
 0.565606	 0.069525
 0.222990	 0.177702
 0.454721	 0.467746
 0.198346	 0.245802
 0.522748	 0.619061
 0.136447	 0.163329
 0.298332	 0.074049
 0.398010	 0.600765
 0.383162	 0.260950
 0.759916	 0.210771
 0.403870	 0.161287
 0.567962	 0.540204
 0.420703	 0.457825
 0.539655	 0.145106
 0.384036	 0.694130
 0.781946	 0.181437
 0.278807	 0.697787
 0.691714	 0.184946
 0.087278	 0.081607
 0.153760	 0.421497
 0.423730	 0.750423
 0.493697	 0.134662
 0.715940	 0.440453
 0.305675	 0.532055
 0.671700	 0.115704
 0.614612	 0.543020
 0.530144	 0.742390
 0.668217	 0.088306
 0.570845	 0.675419
 0.183871	 0.735030
 0.121545	 0.162222
 0.281333	 0.369849
 0.162432	 0.589449
 0.523537	 0.750696
 0.453038	 0.100959
 0.353278	 0.276565
 0.111388	 0.799071
 0.116555	 0.393104
 0.402650	 0.131577
 0.363434	 0.118946
 0.475993	 0.203653
 0.510882	 0.427696
 0.124862	 0.835363
 0.422906	 0.316940
 0.175430	 0.621599
 0.288019	 0.260320
 0.141114	 0.839876
 0.180088	 0.878844
 0.295696	 0.522015
 0.106276	 0.146935
 0.254253	 0.356762
 0.044236	 0.847111
 0.242475	 0.124981
 0.140333	 0.143397
 0.098074	 0.343286
 0.243785	 0.686618
 0.130620	 0.557438
 0.078807	 0.779106
 0.204707	 0.723612
 0.149041	 0.632659
 0.111266	 0.270262
 0.034042	 0.203764
 0.079906	 0.652027
 0.126245	 0.789051
 0.119219	 0.364161
 0.063942	 0.941921
 0.067368	 0.154075
 0.030804	 0.192626
 0.012053	 0.594750
 0.027359	 0.566440
 0.005258	 0.234313
 0.005042	 0.818344
 0.049847	 0.610079
 0.061730	 0.673641
 0.055320	 0.650385
 0.045124	 0.611598
 0.102637	 0.605322
 0.078900	 0.735090
 0.140195	 0.313746
 0.026883	 0.665270
 0.122963	 0.241961
 0.116010	 0.934009
 0.222041	 0.650097
 0.105786	 0.130752
 0.097272	 0.425860
 0.234613	 0.380659
 0.116148	 0.901048
 0.049659	 0.149237
 0.189289	 0.541270
 0.307912	 0.154621
 0.285928	 0.604327
 0.255549	 0.344154
 0.154231	 0.796083
 0.409073	 0.197501
 0.214506	 0.647991
 0.359448	 0.270401
 0.360793	 0.253471
 0.081490	 0.586802
 0.395888	 0.266822
 0.443718	 0.225688
 0.400323	 0.795429
 0.120724	 0.422244
 0.385669	 0.716215
 0.105270	 0.412180
 0.121924	 0.595933
 0.382776	 0.847919
 0.514924	 0.286008
 0.480326	 0.357264
 0.505246	 0.475211
 0.553012	 0.539644
 0.298345	 0.348154
 0.109581	 0.254866
 0.416901	 0.706567
 0.507386	 0.507685
 0.163763	 0.369534
 0.498514	 0.346315
 0.569240	 0.158967
 0.374162	 0.682940
 0.148280	 0.360797
 0.685590	 0.401695
 0.213918	 0.643246
 0.661586	 0.707718
 0.647857	 0.663409
 0.543639	 0.634648
 0.662946	 0.143181
 0.360264	 0.396931
 0.313176	 0.316033
 0.717315	 0.457843
 0.209146	 0.167462
 0.357641	 0.202524
 0.634560	 0.240023
 0.404662	 0.112126
 0.333385	 0.123687
 0.165145	 0.380572
 0.291100	 0.611791
 0.581528	 0.072452
 0.308249	 0.496039
 0.386982	 0.177278
 0.279570	 0.128099
 0.485581	 0.285752
 0.647713	 0.173646
 0.208075	 0.544983
 0.559269	 0.311676
 0.488842	 0.125235
 0.745870	 0.295207
 0.711029	 0.239600
 0.137228	 0.268225
 0.490583	 0.416904
 0.485365	 0.382096
 0.262280	 0.303256
 0.467332	 0.181467
 0.097661	 0.516327
 0.728970	 0.086677
 0.553198	 0.159946
 0.144927	 0.197044
 0.183855	 0.409401
 0.550577	 0.089366
 0.491577	 0.243061
 0.400729	 0.265231
 0.250394	 0.193302
 0.105566	 0.105328
 0.485424	 0.285480
 0.414379	 0.198486
 0.135702	 0.172991
 0.207202	 0.087001
 0.378277	 0.330593
 0.156253	 0.253286
 0.114343	 0.217488
 0.544497	 0.397143
 0.128162	 0.366067
 0.327331	 0.375841
 0.102289	 0.186367
 0.467910	 0.267494
 0.381182	 0.163653
 0.130556	 0.074970
 0.291306	 0.319948
 0.080225	 0.333784
 0.361582	 0.346374
 0.331342	 0.140239
 0.167627	 0.163887
 0.318134	 0.178942
 0.287262	 0.242659
 0.358990	 0.265213
 0.185757	 0.210504
 0.264290	 0.124095
 0.252957	 0.109690
 0.076517	 0.266084
 0.163161	 0.051420
 0.105558	 0.166645
 0.216892	 0.217648
 0.240250	 0.103129
 0.137339	 0.100017
 0.040913	 0.291945
 0.023535	 0.095565
 0.038951	 0.067436
 0.091478	 0.072646
 0.034627	 0.072654
 0.086985	 0.037856
 0.012619	 0.264994
 0.048622	 0.084074
 0.012947	 0.070113
 0.032353	 0.253682
 0.003034	 0.174425
 0.005721	 0.067622
 0.003796	 0.083969
 0.006245	 0.189981
 0.009097	 0.290471
 0.015395	 0.065958
 0.038193	 0.207867
 0.071889	 0.227385
 0.030696	 0.067194
 0.020693	 0.086638
 0.101832	 0.269457
 0.050052	 0.151891
 0.081806	 0.126374
 0.045183	 0.225577
 0.176928	 0.265314
 0.197278	 0.233539
 0.067865	 0.056017
 0.224064	 0.278774
 0.109090	 0.318886
 0.118958	 0.090813
 0.240768	 0.304254
 0.087875	 0.124354
 0.194478	 0.191105
 0.344845	 0.219931
 0.306581	 0.314648
 0.087526	 0.307647
 0.190307	 0.298243
 0.201168	 0.130119
 0.157005	 0.304873
 0.391259	 0.281569
 0.110088	 0.272425
 0.222826	 0.063385
 0.442296	 0.301984
 0.378657	 0.267793
 0.451932	 0.082818
 0.145196	 0.076380
 0.139585	 0.247543
 0.224813	 0.211902
 0.396340	 0.329494
 0.258421	 0.376111
 0.067568	 0.180107
 0.533049	 0.180960
 0.291897	 0.200509
 0.379820	 0.208001
 0.415186	 0.395227
 0.458816	 0.289304
 0.074645	 0.254092
 0.077855	 0.252383
 0.545209	 0.112637
 0.118666	 0.250851
 0.527807	 0.293280
 0.235948	 0.228157
 0.247484	 0.362598
 0.162130	 0.427576
 0.262448	 0.446552
 0.435601	 0.311451
 0.381475	 0.337812
 0.550594	 0.450086
 0.339779	 0.371380
 0.657816	 0.087805
 0.237082	 0.398529
 0.327628	 0.093472
 0.461272	 0.524872
 0.212842	 0.160050
 0.602948	 0.541039
 0.612507	 0.506206
 0.437546	 0.131824
 0.637700	 0.555917
 0.628996	 0.238735
 0.443990	 0.323686
 0.114096	 0.109701
 0.486082	 0.508269
 0.137466	 0.480179
 0.466733	 0.303906
 0.376452	 0.233450
 0.248018	 0.484778
 0.091199	 0.576467
 0.082144	 0.232817
 0.634001	 0.249836
 0.291840	 0.144362
 0.172763	 0.550177
 0.097604	 0.549870
 0.650420	 0.363670
 0.236803	 0.518093
 0.280705	 0.174904
 0.129856	 0.233545
 0.622775	 0.700489
 0.343945	 0.669751
 0.121331	 0.448854
 0.437109	 0.389850
 0.167289	 0.671031
 0.528162	 0.521777
 0.148629	 0.380023
 0.075865	 0.263184
 0.404925	 0.283864
 0.529687	 0.342718
 0.265265	 0.426123
 0.418516	 0.699669
 0.325103	 0.706916
 0.310594	 0.442527
 0.224807	 0.422439
 0.137076	 0.194162
 0.204754	 0.466638
 0.407416	 0.238227
 0.152048	 0.563158
 0.068962	 0.504529
 0.277132	 0.593614
 0.429394	 0.441653
 0.403966	 0.225447
 0.070111	 0.346536
 0.141049	 0.614654
 0.067070	 0.305177
 0.295973	 0.724810
 0.292377	 0.124633
 0.301707	 0.820749
 0.283921	 0.131263
 0.247195	 0.550532
 0.182973	 0.765932
 0.165171	 0.137043
 0.237987	 0.155121
 0.133703	 0.811740
 0.244406	 0.683463
 0.091718	 0.325762
 0.050414	 0.360740
 0.117700	 0.353536
 0.045448	 0.693286
 0.075926	 0.333172
 0.108985	 0.689981
 0.051628	 0.858223
 0.108001	 0.309643
 0.091741	 0.786133
 0.050121	 0.841191
 0.039406	 0.189739
 0.023234	 0.329958
 0.019092	 0.341465
 0.000022	 0.271756
-0.001794	 0.342404
 0.001753	 0.449003
 0.015471	 0.277849
 0.032866	 0.703465
 0.034880	 0.375713
 0.029712	 0.457257
 0.072386	 0.677978
 0.039550	 0.612867
 0.092162	 0.615510
 0.100575	 0.500132
 0.066929	 0.379946
 0.157843	 0.887015
 0.149819	 0.408831
 0.185875	 0.828994
 0.143309	 0.618371
 0.246241	 0.795905
 0.148972	 0.651904
 0.109294	 0.211805
 0.139341	 0.711588
 0.240329	 0.835919
 0.128517	 0.510910
 0.185271	 0.251468
 0.202195	 0.786617
 0.097723	 0.810681
 0.077779	 0.174167
 0.171666	 0.807270
 0.152656	 0.461552
 0.290796	 0.496592
 0.291086	 0.100755
 0.212014	 0.641454
 0.357368	 0.502327
 0.320290	 0.237448
 0.085726	 0.812888
 0.368390	 0.456464
 0.452418	 0.808876
 0.140514	 0.807026
 0.195937	 0.104253
 0.214676	 0.799085
 0.273336	 0.360174
 0.506449	 0.094803
 0.307015	 0.392049
 0.391737	 0.269012
 0.110433	 0.118333
 0.260860	 0.272029
 0.259577	 0.409269
 0.170286	 0.405455
 0.088883	 0.573142
 0.372337	 0.701028
 0.166989	 0.605628
 0.077532	 0.656683
 0.511811	 0.724070
 0.511881	 0.485782
 0.154502	 0.597937
 0.419168	 0.262817
 0.577238	 0.276668
 0.555452	 0.393488
 0.200435	 0.693240
 0.264009	 0.120946
 0.119624	 0.278773
 0.181739	 0.314903
 0.522511	 0.368870
 0.109633	 0.543657
 0.301802	 0.176751
 0.585776	 0.540183
 0.197457	 0.470089
 0.159036	 0.258474
 0.459808	 0.292280
 0.475809	 0.209550
 0.565136	 0.195932
 0.328631	 0.305941
 0.251278	 0.096002
 0.433044	 0.578281
 0.191514	 0.349743
 0.306292	 0.261767
 0.166985	 0.293604
 0.341588	 0.472115
 0.531645	 0.111200
 0.398044	 0.374180
 0.371595	 0.226282
 0.384884	 0.435603
 0.230450	 0.452443
 0.456636	 0.176937
 0.274652	 0.213252
 0.210481	 0.291149
 0.568546	 0.360510
 0.459666	 0.272424
 0.112458	 0.208405
 0.354409	 0.137645
 0.114740	 0.206124
 0.178327	 0.374603
 0.347761	 0.230237
 0.458642	 0.106771
 0.158740	 0.087179
 0.397054	 0.256263
 0.364785	 0.256148
 0.256471	 0.420030
 0.351165	 0.268593
 0.333180	 0.191150
 0.123914	 0.330239
 0.074303	 0.346075
 0.252441	 0.072063
 0.084090	 0.321570
 0.286347	 0.098689
 0.090695	 0.414332
 0.260313	 0.100284
 0.304172	 0.398991
 0.125179	 0.330388
 0.115389	 0.351652
 0.071152	 0.062104
 0.237496	 0.136550
 0.237745	 0.344573
 0.266915	 0.056238
 0.219781	 0.220973
 0.141611	 0.166881
 0.109113	 0.154698
 0.234725	 0.359246
 0.053562	 0.336325
 0.075972	 0.163892
 0.047186	 0.310734
 0.030769	 0.340278
 0.162243	 0.309071
 0.144796	 0.089080
 0.024404	 0.189743
 0.107439	 0.078447
 0.083088	 0.324840
 0.057190	 0.285635
 0.076598	 0.105077
 0.029631	 0.296661
 0.032517	 0.175660
 0.022648	 0.327794
 0.007679	 0.164845
 0.020434	 0.293004
 0.021339	 0.192984
 0.002534	 0.104126
-0.001536	 0.293329
 0.004694	 0.324330
 0.012720	 0.346982
 0.028749	 0.188416
 0.053299	 0.179997
 0.019004	 0.250064
 0.034171	 0.092944
 0.045669	 0.266690
 0.107302	 0.347602
 0.054285	 0.089031
 0.118401	 0.064085
 0.143608	 0.259180
 0.115742	 0.331195
 0.027113	 0.179511
 0.024304	 0.238819
 0.024510	 0.153261
 0.034612	 0.134732
 0.112394	 0.192242
 0.064938	 0.201885
 0.069591	 0.350085
 0.089671	 0.277974
 0.122743	 0.313262
 0.180029	 0.111178
 0.157444	 0.307186
 0.041802	 0.181147
 0.171379	 0.249478
 0.040608	 0.215093
 0.230865	 0.146617
 0.084345	 0.103555
 0.152503	 0.271758
 0.306004	 0.218753
 0.360730	 0.247813
 0.121112	 0.090460
 0.150730	 0.329011
 0.187706	 0.201127
 0.122690	 0.242868
 0.363044	 0.339458
 0.073398	 0.072355
 0.401215	 0.378836
 0.337691	 0.288815
 0.496038	 0.192065
 0.218804	 0.230400
 0.153130	 0.193124
 0.469902	 0.358608
 0.184210	 0.132520
 0.480450	 0.294437
 0.458818	 0.233327
 0.331126	 0.311048
 0.423668	 0.265763
 0.155090	 0.110808
 0.123221	 0.480739
 0.173121	 0.469656
 0.177476	 0.060346
 0.528384	 0.517365
 0.320665	 0.331601
 0.238620	 0.352839
 0.129543	 0.440281
 0.356449	 0.478129
 0.167314	 0.119760
 0.171841	 0.493016
 0.167372	 0.270380
 0.375472	 0.079421
 0.511202	 0.478463
 0.199608	 0.363278
 0.403196	 0.312660
 0.404759	 0.444406
 0.405556	 0.410364
 0.363456	 0.258144
 0.315561	 0.150104
 0.458678	 0.222757
 0.131197	 0.412398
 0.111534	 0.623444
 0.466630	 0.170216
 0.077366	 0.475685
 0.411985	 0.323254
 0.441122	 0.465515
 0.364131	 0.585284
 0.412174	 0.597213
 0.458031	 0.156811
 0.213164	 0.297128
 0.199834	 0.429503
 0.183933	 0.503502
 0.299213	 0.149527
 0.267303	 0.679512
 0.271189	 0.400451
 0.323882	 0.717393
 0.114260	 0.589840
 0.425451	 0.223654
 0.095094	 0.455409
 0.464305	 0.513742
 0.366344	 0.625101
 0.358374	 0.642330
 0.484887	 0.612806
 0.077612	 0.439758
 0.132675	 0.660900
 0.318896	 0.447284
 0.204655	 0.291820
 0.365382	 0.300551
 0.123093	 0.767803
 0.405660	 0.383464
 0.407002	 0.153022
 0.280822	 0.722006
 0.189233	 0.155575
 0.143844	 0.245790
 0.067052	 0.305595
 0.235900	 0.251981
 0.099415	 0.481063
 0.324925	 0.272318
 0.275077	 0.277715
 0.090152	 0.700627
 0.244567	 0.747782
 0.053790	 0.167895
 0.159425	 0.746809
 0.224633	 0.346741
 0.090789	 0.139614
 0.207576	 0.523234
 0.201789	 0.328547
 0.157398	 0.348576
 0.118430	 0.414842
 0.057771	 0.777565
 0.076323	 0.376506
 0.055341	 0.201611
 0.118286	 0.425075
 0.079117	 0.276815
 0.012684	 0.694623
 0.053975	 0.485244
 0.019126	 0.125426
 0.066988	 0.650440
 0.026754	 0.496715
 0.040500	 0.251648
 0.012658	 0.858952
 0.020162	 0.521103
 0.003460	 0.111876
 0.011559	 0.537324
 0.000778	 0.381147
 0.001266	 0.371595
 0.006154	 0.167221
 0.005038	 0.464547
 0.015914	 0.816395
 0.031982	 0.328690
 0.037069	 0.260719
 0.046238	 0.306723
 0.052498	 0.372002
 0.113578	 0.581202
 0.072319	 0.391977
 0.029159	 0.499929
 0.014847	 0.122260
 0.117812	 0.648881
 0.108877	 0.575427
 0.041168	 0.380978
 0.148344	 0.449945
 0.050407	 0.704826
 0.122902	 0.391034
 0.149561	 0.117808
 0.218558	 0.385475
 0.124638	 0.527863
 0.122196	 0.507524
 0.100329	 0.652107
 0.228045	 0.262779
 0.127095	 0.807872
 0.073808	 0.298714
 0.253248	 0.496685
 0.241844	 0.446389
 0.214156	 0.221961
 0.164117	 0.169543
 0.056978	 0.606833
 0.371451	 0.772395
 0.087231	 0.213463
 0.218101	 0.679536
 0.050030	 0.142995
 0.270970	 0.482980
 0.320991	 0.240987
 0.144986	 0.648195
 0.354148	 0.484859
 0.111461	 0.593548
 0.447262	 0.642960
 0.439627	 0.239962
 0.245180	 0.231107
 0.387866	 0.413720
 0.293894	 0.144535
 0.415013	 0.195929
 0.160123	 0.716439
 0.104512	 0.679558
 0.154715	 0.589344
 0.136584	 0.261403
 0.107070	 0.564937
 0.188568	 0.454337
 0.438373	 0.556167
 0.362721	 0.223501
 0.366890	 0.503807
 0.193755	 0.399985
 0.420917	 0.076219
 0.487096	 0.147045
 0.467034	 0.334913
 0.255091	 0.177999
 0.113661	 0.287045
 0.442910	 0.641726
 0.358412	 0.529063
 0.430940	 0.382356
 0.436965	 0.185388
 0.406949	 0.448981
 0.493917	 0.239617
 0.208582	 0.337573
 0.110499	 0.146273
 0.278677	 0.313647
 0.111682	 0.166164
 0.279102	 0.386620
 0.325986	 0.141205
 0.489861	 0.348855
 0.257248	 0.343767
 0.062303	 0.214336
 0.245187	 0.076411
 0.307507	 0.086668
 0.278634	 0.230888
 0.177971	 0.413985
 0.189902	 0.264681
 0.429288	 0.544380
 0.417053	 0.539114
 0.171594	 0.455177
 0.354068	 0.178357
 0.459528	 0.333027
 0.426072	 0.406499
 0.310307	 0.347983
 0.382270	 0.190093
 0.287842	 0.352900
 0.051796	 0.197048
 0.298949	 0.109732
 0.094772	 0.184509
 0.096389	 0.407234
 0.263940	 0.213015
 0.222836	 0.353354
 0.369740	 0.236532
 0.157158	 0.152356
 0.312034	 0.434320
 0.181110	 0.352530
 0.306886	 0.396037
 0.060881	 0.164864
 0.114221	 0.126613
 0.181389	 0.098755
 0.126233	 0.377104
 0.061060	 0.332451
 0.084977	 0.437447
 0.127455	 0.269858
 0.254854	 0.301777
 0.168653	 0.398152
 0.202962	 0.159317
 0.152686	 0.253254
 0.049058	 0.184078
 0.168283	 0.085365
 0.080262	 0.199224
 0.111430	 0.129463
 0.195705	 0.141518
 0.075831	 0.255874
 0.034458	 0.320058
 0.190301	 0.100896
 0.022926	 0.292400
 0.129080	 0.287577
 0.104089	 0.148090
 0.022594	 0.193213
 0.109715	 0.399475
 0.037055	 0.058633
 0.085164	 0.151728
 0.021616	 0.288394
 0.058698	 0.183131
 0.042132	 0.362862
 0.015895	 0.196977
 0.006286	 0.266065
 0.009001	 0.176459
-0.000574	 0.184697
-0.000988	 0.221641
 0.002842	 0.189398
 0.007874	 0.252845
 0.035057	 0.118570
 0.014691	 0.238387
 0.034603	 0.153553
 0.070748	 0.380909
 0.037171	 0.112190
 0.059252	 0.198486
 0.053644	 0.057516
 0.079150	 0.240699
 0.088968	 0.354358
 0.146439	 0.263118
 0.077302	 0.090739
 0.112523	 0.061102
 0.042830	 0.050937
 0.103913	 0.347466
 0.154434	 0.295488
 0.026884	 0.279500
 0.191538	 0.381237
 0.131573	 0.126318
 0.123574	 0.155156
 0.044838	 0.146399
 0.068332	 0.335473
 0.186446	 0.320202
 0.056272	 0.268966
 0.117318	 0.245404
 0.264306	 0.121555
 0.093880	 0.179048
 0.051870	 0.371387
 0.217495	 0.153249
 0.058764	 0.108078
 0.058694	 0.295378
 0.146858	 0.221810
 0.077845	 0.267070
 0.199691	 0.197230
 0.247318	 0.288580
 0.264950	 0.345020
 0.073785	 0.250594
 0.256021	 0.352757
 0.065210	 0.433066
 0.222700	 0.268649
 0.326907	 0.474826
 0.078253	 0.357464
 0.358474	 0.234908
 0.343170	 0.496323
 0.424857	 0.207769
 0.405718	 0.426250
 0.224029	 0.224164
 0.121201	 0.474396
 0.436069	 0.118153
 0.081474	 0.368807
 0.201920	 0.233446
 0.405468	 0.400511
 0.370447	 0.428064
 0.212085	 0.493521
 0.094450	 0.343788
 0.240519	 0.514586
 0.072832	 0.469978
 0.422109	 0.454812
 0.383273	 0.096306
 0.088844	 0.065764
 0.389656	 0.459303
 0.498327	 0.172422
 0.064898	 0.129184
 0.118215	 0.100027
 0.356223	 0.551847
 0.260212	 0.485663
 0.370679	 0.118820
 0.317655	 0.611797
 0.332466	 0.352483
 0.229326	 0.322501
 0.180212	 0.292970
 0.432353	 0.187886
 0.193260	 0.117438
 0.230322	 0.231708
 0.104757	 0.526986
 0.194457	 0.279418
 0.053152	 0.625931
 0.393695	 0.420163
 0.444051	 0.660164
 0.289473	 0.616353
 0.318649	 0.414869
 0.198648	 0.318709
 0.100364	 0.139825
 0.318612	 0.281048
 0.193182	 0.535574
 0.192281	 0.466347
 0.387079	 0.233664
 0.397102	 0.349442
 0.144193	 0.634214
 0.368593	 0.139791
 0.120081	 0.639467
 0.292481	 0.214809
 0.189434	 0.414994
 0.263645	 0.511992
 0.185303	 0.201437
 0.291050	 0.172821
 0.063636	 0.211292
 0.199229	 0.494674
 0.085540	 0.527823
 0.036878	 0.560854
 0.300584	 0.140320
 0.038035	 0.363789
 0.294573	 0.285379
 0.151028	 0.163667
 0.239073	 0.479547
 0.110283	 0.329167
 0.059025	 0.394068
 0.227551	 0.263090
 0.032136	 0.197383
 0.170530	 0.225755
 0.187673	 0.748067
 0.195482	 0.144384
 0.052812	 0.386600
 0.191622	 0.169983
 0.119592	 0.558423
 0.077439	 0.190211
 0.066815	 0.760603
 0.052134	 0.611995
 0.056630	 0.411104
 0.082168	 0.362921
 0.050356	 0.757571
 0.104128	 0.611142
 0.020891	 0.163293
 0.090954	 0.242823
 0.047003	 0.641856
 0.010967	 0.220036
 0.069114	 0.712152
 0.027781	 0.131047
 0.034493	 0.552264
 0.028710	 0.318740
 0.025277	 0.214278
 0.011735	 0.620418
 0.001494	 0.114502
-0.000937	 0.309812
-0.002649	 0.171723
 0.001281	 0.535502
 0.004096	 0.375636
 0.007288	 0.634895
 0.037995	 0.156594
 0.035940	 0.285726
 0.040814	 0.171754
 0.063357	 0.687718
 0.051920	 0.443796
 0.017949	 0.247681
 0.021473	 0.676440
 0.026842	 0.216946
 0.090228	 0.794512
 0.090751	 0.436687
 0.053247	 0.124248
 0.043475	 0.648801
 0.101205	 0.330473
 0.023665	 0.315889
 0.030693	 0.263031
 0.109025	 0.572238
 0.085077	 0.583394
 0.165119	 0.089171
 0.180813	 0.513858
 0.029826	 0.338863
 0.094676	 0.275738
 0.210200	 0.100612
 0.122883	 0.110369
 0.172171	 0.246718
 0.220113	 0.466133
 0.202150	 0.536921
 0.119213	 0.386244
 0.214493	 0.141239
 0.232536	 0.108766
 0.164869	 0.378007
 0.302715	 0.294884
 0.117097	 0.459649
 0.056940	 0.395503
 0.211048	 0.231060
 0.226508	 0.254271
 0.231071	 0.361707
 0.202494	 0.521994
 0.263199	 0.107009
 0.286142	 0.330161
 0.283310	 0.125336
 0.274112	 0.386435
 0.278862	 0.410154
 0.153255	 0.356429
 0.089415	 0.086879
 0.369519	 0.174344
 0.052370	 0.679322
 0.053182	 0.653591
 0.261303	 0.125664
 0.299938	 0.580289
 0.363365	 0.464737
 0.324782	 0.543052
 0.400319	 0.176917
 0.237024	 0.531286
 0.387699	 0.298937
 0.211261	 0.633474
 0.086659	 0.214361
 0.227670	 0.275592
 0.399697	 0.648212
 0.226434	 0.407761
 0.411203	 0.640140
 0.140635	 0.413289
 0.390105	 0.608864
 0.179696	 0.464664
 0.058607	 0.078984
 0.175807	 0.425859
 0.279983	 0.364815
 0.135375	 0.422074
 0.417404	 0.210706
 0.386999	 0.134245
 0.319834	 0.151261
 0.261156	 0.224161
 0.412196	 0.383689
 0.154918	 0.440145
 0.153335	 0.196454
 0.157068	 0.222252
 0.343270	 0.135557
 0.110561	 0.452192
 0.377483	 0.192615
 0.145206	 0.407316
 0.332629	 0.179898
 0.307099	 0.391101
 0.233774	 0.160151
 0.375995	 0.363444
 0.361181	 0.253403
 0.089730	 0.353103
 0.368857	 0.195239
 0.166350	 0.357479
 0.093016	 0.114344
 0.206931	 0.145188
 0.236207	 0.404736
 0.278119	 0.433417
 0.117444	 0.400644
 0.069920	 0.306717
 0.090419	 0.069554
 0.228518	 0.362897
 0.228241	 0.502686
 0.060373	 0.170427
 0.281093	 0.355125
 0.198734	 0.165102
 0.084733	 0.443626
 0.072322	 0.198668
 0.185366	 0.472498
 0.223062	 0.250313
 0.225325	 0.326842
 0.207655	 0.287108
 0.048405	 0.101106
 0.190662	 0.107610
 0.188261	 0.406754
 0.171107	 0.453485
 0.083343	 0.383376
 0.080118	 0.292509
 0.163935	 0.251337
 0.175833	 0.089302
 0.170679	 0.353407
 0.066912	 0.264385
 0.046681	 0.052238
 0.098795	 0.395694
 0.049029	 0.442569
 0.050070	 0.333077
 0.079132	 0.051890
 0.095998	 0.242363
 0.081812	 0.186185
 0.025978	 0.233221
 0.030887	 0.077960
 0.025156	 0.064030
 0.028671	 0.088263
 0.029984	 0.092513
 0.012106	 0.188396
 0.011336	 0.288454
 0.007397	 0.289996
-0.000167	 0.207832
 0.002906	 0.136053
-0.000959	 0.346434
 0.001663	 0.342135
 0.000517	 0.342799
 0.004816	 0.079400
 0.025598	 0.141711
 0.019043	 0.241671
 0.022357	 0.336781
 0.009160	 0.414496
 0.049614	 0.331729
 0.084843	 0.225698
 0.044265	 0.419549
 0.061359	 0.223729
 0.059413	 0.391952
 0.124799	 0.339323
 0.108137	 0.105214
 0.046427	 0.118679
 0.050015	 0.145296
 0.113534	 0.206927
 0.033534	 0.336267
 0.043415	 0.226833
 0.024306	 0.389566
 0.049767	 0.308839
 0.063408	 0.278688
 0.082214	 0.155783
 0.088172	 0.266610
 0.078629	 0.290459
 0.237989	 0.052676
 0.183231	 0.161211
 0.139019	 0.281826
 0.091395	 0.345755
 0.240603	 0.390203
 0.062299	 0.110586
 0.192473	 0.307197
 0.172329	 0.054012
 0.058241	 0.471944
 0.180815	 0.191953
 0.287357	 0.250256
 0.137510	 0.338586
 0.256518	 0.109969
 0.141872	 0.225358
 0.142877	 0.418122
 0.287296	 0.383950
 0.152409	 0.286257
 0.283821	 0.164188
 0.270726	 0.249113
 0.041852	 0.285796
 0.208511	 0.463333
 0.284584	 0.390587
 0.280748	 0.118846
 0.072062	 0.443678
 0.381814	 0.156036
 0.056090	 0.133729
 0.107585	 0.427680
 0.204954	 0.264996
 0.364127	 0.141307
 0.069375	 0.367004
 0.049120	 0.341023
 0.247451	 0.360838
 0.203709	 0.150943
 0.365069	 0.265275
 0.369402	 0.351869
 0.125409	 0.166499
 0.296598	 0.156114
 0.087337	 0.163110
 0.083061	 0.358795
 0.320528	 0.254081
 0.269769	 0.401903
 0.374895	 0.131959
 0.057639	 0.514433
 0.336670	 0.299452
 0.333896	 0.505150
 0.057707	 0.624485
 0.151483	 0.471503
 0.218861	 0.304476
 0.124403	 0.219068
 0.303855	 0.503165
 0.290199	 0.420861
 0.101738	 0.493584
 0.132854	 0.521978
 0.108683	 0.406631
 0.280975	 0.320600
 0.232985	 0.274081
 0.277754	 0.246350
 0.073789	 0.544296
 0.068610	 0.416724
 0.106671	 0.413332
 0.058472	 0.502492
 0.144914	 0.303735
 0.253196	 0.215032
 0.303020	 0.082149
 0.081461	 0.294609
 0.157743	 0.582198
 0.309277	 0.694564
 0.244220	 0.351757
 0.079889	 0.311730
 0.121616	 0.129228
 0.159812	 0.715383
 0.050921	 0.256469
 0.208750	 0.565523
 0.086097	 0.216891
 0.071922	 0.488954
 0.128138	 0.563364
 0.037963	 0.213593
 0.224165	 0.111326
 0.065931	 0.630401
 0.093714	 0.662867
 0.070807	 0.424296
 0.097824	 0.259660
 0.170671	 0.466857
 0.046906	 0.375859
 0.130991	 0.109923
 0.049128	 0.735151
 0.042205	 0.134165
 0.061596	 0.326138
 0.152507	 0.441950
 0.049762	 0.198231
 0.103548	 0.601649
 0.165551	 0.746534
 0.085120	 0.131774
 0.086698	 0.299683
 0.060921	 0.217303
 0.106964	 0.699269
 0.026626	 0.637460
 0.078703	 0.434880
 0.072274	 0.382789
 0.043546	 0.557102
 0.050637	 0.465042
 0.007154	 0.109230
 0.005939	 0.486585
 0.025021	 0.621855
 0.020448	 0.634782
 0.008110	 0.423846
 0.016134	 0.709534
 0.001599	 0.189476
 0.005143	 0.125783
 0.002853	 0.210424
 0.003324	 0.166504
 0.002410	 0.643486
 0.007565	 0.251730
 0.020479	 0.128968
 0.007885	 0.159358
 0.031193	 0.599712
 0.046249	 0.334735
 0.065541	 0.399293
 0.068561	 0.630908
 0.022305	 0.548514
 0.019849	 0.316926
 0.024503	 0.563843
 0.019153	 0.445202
 0.024261	 0.762307
 0.067478	 0.407794
 0.045853	 0.176028
 0.132388	 0.146558
 0.052094	 0.467548
 0.120443	 0.479691
 0.077735	 0.661474
 0.110127	 0.191434
 0.107470	 0.709624
 0.113452	 0.107270
 0.052078	 0.220651
 0.090700	 0.510313
 0.085189	 0.637192
 0.095476	 0.680149
 0.117172	 0.496824
 0.194988	 0.096774
 0.041324	 0.595061
 0.038283	 0.197336
 0.199963	 0.326553
 0.050642	 0.447434
 0.032301	 0.294164
 0.063727	 0.252661
 0.216625	 0.201446
 0.108869	 0.510241
 0.106032	 0.404758
 0.211494	 0.428370
 0.251750	 0.262709
 0.032993	 0.308802
 0.249314	 0.292635
 0.266638	 0.367718
 0.277554	 0.326790
 0.237327	 0.473950
 0.248137	 0.224383
 0.225605	 0.483081
 0.155127	 0.556175
 0.291503	 0.521836
 0.122704	 0.578741
 0.074341	 0.510005
 0.302140	 0.587520
 0.259284	 0.584873
 0.150009	 0.282518
 0.292434	 0.587985
 0.235941	 0.314992
 0.083705	 0.197828
 0.243475	 0.399192
 0.202708	 0.590134
 0.300095	 0.310479
 0.114922	 0.260141
 0.345549	 0.392952
 0.214561	 0.557780
 0.248583	 0.340694
 0.203769	 0.387181
 0.119506	 0.433903
 0.217019	 0.132448
 0.166408	 0.321969
 0.294721	 0.122339
 0.288988	 0.083291
 0.320522	 0.554001
 0.170113	 0.450061
 0.259822	 0.392637
 0.135299	 0.108493
 0.098305	 0.226875
 0.127208	 0.427474
 0.161875	 0.289061
 0.179108	 0.152331
 0.197109	 0.246885
 0.293885	 0.140843
 0.055971	 0.428274
 0.239155	 0.365635
 0.301663	 0.168423
 0.174777	 0.270829
 0.087384	 0.402867
 0.241490	 0.255164
 0.067422	 0.247849
 0.165474	 0.100290
 0.149457	 0.127062
 0.077771	 0.115208
 0.125915	 0.206132
 0.220165	 0.439979
 0.131521	 0.250444
 0.091823	 0.373779
 0.074157	 0.489438
 0.256468	 0.490679
 0.239119	 0.448882
 0.189241	 0.345494
 0.068762	 0.221362
 0.224134	 0.071542
 0.081815	 0.514829
 0.045580	 0.334092
 0.167582	 0.083921
 0.151851	 0.359840
 0.026906	 0.246734
 0.041472	 0.185639
 0.046447	 0.119512
 0.177781	 0.106531
 0.100736	 0.211405
 0.058970	 0.253284
 0.052103	 0.431149
 0.077242	 0.254041
 0.106993	 0.415290
 0.037915	 0.201355
 0.114074	 0.137109
 0.147415	 0.078659
 0.057122	 0.450365
 0.107051	 0.081343
 0.047687	 0.076735
 0.047033	 0.355041
 0.055773	 0.206516
 0.015938	 0.427056
 0.095457	 0.317634
 0.009791	 0.363973
 0.060964	 0.434690
 0.072208	 0.219318
 0.058318	 0.352976
 0.007276	 0.324271
 0.006413	 0.201520
 0.005284	 0.469440
 0.018591	 0.260905
 0.008487	 0.400853
 0.001376	 0.102573
-0.001585	 0.298881
-0.003228	 0.067971
-0.001011	 0.177013
 0.000159	 0.366663
-0.000017	 0.458167
 0.005995	 0.098308
 0.027545	 0.096357
 0.036979	 0.442304
 0.012534	 0.082042
 0.027404	 0.437762
 0.014111	 0.359407
 0.032887	 0.113813
 0.015127	 0.279507
 0.057033	 0.183255
 0.032395	 0.174985
 0.062828	 0.390781
 0.031010	 0.282171
 0.030168	 0.098435
 0.070188	 0.140179
 0.033842	 0.107060
 0.113312	 0.100639
 0.027114	 0.299863
 0.064010	 0.185080
 0.031834	 0.077248
 0.100632	 0.412985
 0.083653	 0.261087
 0.080189	 0.333960
 0.072589	 0.386062
 0.128633	 0.331767
 0.123371	 0.243339
 0.171469	 0.406958
 0.159371	 0.377917
 0.184298	 0.502932
 0.186553	 0.489631
 0.150506	 0.419907
 0.133557	 0.444100
 0.034878	 0.351464
 0.032333	 0.107975
 0.035458	 0.355470
 0.215237	 0.452541
 0.097312	 0.205322
 0.041870	 0.286030
 0.177887	 0.262643
 0.155134	 0.424819
 0.053804	 0.419025
 0.246757	 0.362354
 0.068592	 0.146212
 0.143459	 0.355135
 0.241967	 0.068251
 0.171406	 0.186816
 0.034373	 0.263782
 0.252999	 0.275578
 0.189597	 0.378975
 0.287912	 0.470976
 0.101686	 0.389485
 0.170128	 0.283152
 0.169557	 0.173731
 0.130917	 0.446054
 0.275252	 0.209365
 0.162325	 0.150103
 0.117765	 0.224839
 0.243533	 0.173263
 0.238723	 0.194088
 0.228679	 0.246652
 0.271059	 0.244362
 0.041204	 0.116527
 0.248847	 0.450711
 0.078249	 0.208597
 0.281787	 0.373804
 0.042983	 0.205148
 0.056199	 0.444627
 0.095032	 0.367041
 0.111014	 0.594196
 0.118171	 0.215030
 0.035218	 0.176468
 0.187556	 0.273524
 0.219384	 0.520267
 0.043667	 0.088733
 0.273328	 0.523800
 0.195025	 0.166332
 0.076751	 0.318670
 0.206214	 0.149038
 0.035689	 0.491331
 0.122363	 0.570406
 0.191442	 0.418353
 0.235731	 0.313598
 0.155384	 0.173335
 0.054121	 0.177099
 0.159859	 0.545672
 0.133660	 0.374709
 0.123297	 0.565802
 0.052362	 0.418129
 0.209383	 0.562881
 0.049205	 0.555783
 0.197034	 0.431170
 0.202615	 0.565715
 0.034017	 0.526932
 0.169637	 0.555916
 0.149774	 0.649360
 0.101206	 0.519870
 0.052876	 0.574929
 0.184086	 0.669681
 0.031765	 0.608141
 0.025008	 0.536713
 0.022483	 0.648212
 0.129861	 0.689136
 0.159919	 0.467023
 0.062487	 0.081976
 0.023790	 0.329449
 0.157551	 0.329650
 0.105938	 0.489312
 0.066442	 0.114600
 0.068501	 0.352505
 0.048183	 0.669429
 0.044708	 0.648827
 0.106446	 0.108517
 0.087255	 0.613527
 0.044345	 0.450126
 0.091351	 0.419084
 0.063307	 0.334337
 0.106879	 0.360890
 0.057600	 0.345557
 0.030882	 0.351205
 0.015641	 0.347646
 0.036795	 0.258698
 0.040038	 0.303089
 0.038598	 0.413152
 0.026042	 0.105514
 0.064909	 0.135351
 0.020951	 0.657565
 0.053476	 0.180893
 0.030251	 0.326717
 0.030729	 0.672700
 0.003613	 0.143276
 0.015197	 0.446963
 0.011252	 0.566147
 0.015412	 0.659587
 0.018653	 0.724646
 0.002143	 0.390575
 0.001711	 0.664928
-0.000557	 0.387656
-0.001495	 0.725262
-0.003076	 0.516612
-0.002592	 0.282828
 0.001247	 0.300674
 0.001391	 0.086322
 0.015400	 0.086888
 0.019589	 0.135297
 0.020069	 0.187106
 0.002335	 0.249544
 0.041577	 0.672887
 0.032371	 0.557111
 0.042350	 0.418285
 0.033604	 0.232722
 0.022099	 0.373749
 0.057779	 0.114230
 0.051537	 0.230299
 0.043065	 0.695646
 0.037067	 0.210793
 0.058074	 0.532909
 0.024263	 0.498307
 0.028460	 0.228376
 0.098894	 0.247180
 0.047362	 0.136593
 0.027164	 0.360435
 0.105263	 0.715538
 0.068668	 0.310312
 0.065634	 0.305328
 0.126095	 0.550374
 0.080590	 0.100913
 0.087818	 0.691913
 0.062662	 0.508770
 0.112109	 0.670295
 0.054063	 0.624925
 0.040037	 0.688178
 0.056874	 0.117486
 0.154060	 0.408889
 0.064351	 0.363530
 0.109162	 0.364383
 0.050896	 0.693300
 0.063929	 0.275777
 0.070113	 0.342506
 0.024717	 0.434788
 0.124269	 0.559229
 0.099844	 0.411754
 0.165238	 0.422467
 0.182715	 0.577923
 0.187629	 0.623021
 0.068355	 0.633837
 0.108663	 0.293278
 0.164063	 0.558720
 0.170118	 0.222820
 0.156795	 0.285047
 0.104157	 0.185036
 0.122837	 0.298153
 0.168102	 0.112350
 0.119412	 0.574048
 0.181359	 0.451842
 0.143593	 0.162893
 0.145535	 0.164081
 0.125604	 0.463123
 0.068260	 0.465726
 0.062475	 0.485467
 0.187119	 0.105248
 0.238615	 0.553014
 0.235258	 0.396732
 0.138576	 0.581946
 0.151688	 0.339892
 0.170930	 0.576393
 0.120199	 0.390504
 0.058904	 0.435008
 0.195476	 0.443372
 0.160649	 0.323824
 0.141579	 0.115147
 0.090232	 0.497766
 0.111091	 0.203390
 0.165069	 0.075473
 0.207675	 0.570276
 0.206190	 0.329482
 0.128242	 0.205462
 0.174572	 0.313463
 0.095111	 0.578544
 0.114531	 0.565081
 0.145633	 0.589303
 0.117082	 0.261638
 0.044216	 0.363558
 0.132826	 0.328367
 0.125726	 0.132717
 0.157343	 0.095954
 0.215130	 0.076440
 0.148286	 0.473195
 0.080748	 0.105841
 0.152710	 0.104276
 0.174992	 0.124902
 0.123487	 0.481144
 0.035191	 0.420871
 0.141964	 0.305156
 0.092078	 0.351143
 0.190680	 0.167790
 0.040188	 0.223658
 0.064587	 0.197590
 0.085891	 0.236165
 0.060886	 0.519571
 0.139827	 0.304866
 0.034322	 0.523321
 0.129550	 0.102621
 0.065938	 0.401867
 0.125845	 0.313897
 0.061689	 0.520413
 0.163230	 0.484989
 0.141107	 0.155620
 0.047516	 0.265149
 0.035764	 0.122623
 0.059814	 0.475163
 0.149148	 0.262518
 0.125501	 0.087209
 0.092905	 0.131836
 0.090385	 0.455661
 0.119411	 0.226991
 0.113974	 0.258453
 0.025569	 0.237154
 0.038375	 0.503750
 0.087137	 0.141309
 0.108335	 0.077433
 0.096642	 0.103242
 0.062043	 0.107146
 0.068370	 0.319060
 0.037317	 0.227882
 0.063728	 0.395224
 0.046202	 0.309572
 0.063751	 0.366863
 0.041912	 0.407891
 0.019103	 0.122404
 0.029422	 0.404544
 0.030593	 0.103309
 0.004038	 0.195147
 0.005774	 0.235263
 0.004431	 0.111233
 0.006375	 0.107603
 0.000189	 0.072064
 0.001487	 0.279712
-0.000624	 0.339637
 0.001047	 0.386143
 0.000009	 0.078959
-0.000338	 0.098400
-0.000036	 0.481217
-0.000111	 0.305207
 0.002564	 0.104815
 0.002875	 0.237696
 0.025483	 0.406484
 0.022214	 0.445016
 0.004500	 0.268064
 0.048303	 0.160028
 0.005754	 0.159498
 0.013950	 0.078172
 0.035928	 0.473261
 0.018568	 0.233366
 0.031474	 0.368687
 0.060180	 0.482296
 0.032423	 0.433264
 0.037731	 0.086540
 0.082809	 0.287476
 0.076321	 0.180499
 0.074688	 0.487683
 0.066767	 0.518991
 0.036661	 0.073211
 0.031613	 0.521872
 0.015340	 0.341985
 0.051284	 0.250008
 0.087554	 0.090476
 0.112920	 0.280951
 0.081526	 0.146936
 0.102143	 0.310098
 0.111495	 0.490943
 0.078113	 0.086287
 0.079159	 0.289250
 0.102492	 0.364615
 0.045504	 0.227908
 0.044465	 0.310167
 0.046251	 0.199785
 0.021688	 0.355133
 0.049396	 0.296483
 0.125273	 0.136788
 0.060054	 0.517015
 0.085606	 0.086467
 0.142614	 0.418240
 0.042672	 0.208058
 0.081624	 0.463694
 0.143720	 0.516670
 0.166254	 0.560826
 0.022739	 0.546592
 0.116723	 0.316109
 0.089543	 0.397993
 0.146589	 0.430000
 0.096491	 0.115286
 0.180588	 0.085697
 0.026658	 0.486216
 0.031561	 0.257830
 0.127183	 0.412180
 0.137697	 0.168433
 0.119641	 0.095693
 0.052017	 0.360694
 0.042815	 0.524620
 0.120316	 0.223722
 0.170915	 0.301897
 0.089118	 0.385582
 0.157235	 0.528545
 0.168846	 0.264418
 0.097330	 0.142068
 0.154561	 0.069928
 0.092359	 0.201501
 0.139431	 0.111337
 0.127567	 0.156580
 0.164824	 0.391452
 0.146894	 0.603412
 0.063222	 0.412395
 0.109230	 0.539710
 0.044957	 0.160455
 0.155146	 0.309994
 0.158044	 0.228740
 0.144144	 0.470469
 0.022757	 0.257103
 0.066849	 0.472152
 0.116716	 0.494993
 0.090994	 0.104643
 0.137509	 0.198345
 0.051204	 0.292052
 0.071795	 0.153427
 0.106462	 0.339730
 0.085814	 0.589920
 0.038804	 0.382923
 0.162013	 0.624769
 0.132371	 0.202196
 0.116396	 0.552594
 0.089056	 0.377600
 0.131279	 0.542157
 0.075665	 0.464129
 0.093819	 0.214260
 0.105346	 0.197455
 0.103432	 0.490640
 0.102604	 0.449800
 0.087681	 0.117437
 0.097035	 0.614966
 0.119990	 0.412051
 0.029860	 0.635287
 0.053153	 0.484249
 0.105652	 0.485881
 0.037027	 0.249672
 0.029642	 0.318026
 0.038580	 0.159279
 0.047746	 0.619390
 0.036724	 0.223981
 0.020671	 0.246705
 0.062523	 0.279762
 0.022780	 0.447462
 0.056806	 0.279911
 0.043128	 0.361588
 0.009893	 0.270700
 0.015547	 0.115513
 0.038663	 0.671897
 0.023035	 0.168234
 0.036803	 0.100938
 0.075960	 0.121041
 0.084635	 0.189840
 0.037733	 0.604189
 0.014917	 0.499483
 0.025409	 0.154575
 0.019162	 0.521309
 0.049978	 0.370230
 0.024584	 0.121909
 0.044004	 0.078664
 0.008627	 0.603614
 0.041191	 0.492580
 0.039296	 0.479737
 0.038425	 0.569269
 0.003408	 0.280724
 0.030911	 0.615955
 0.032183	 0.548118
 0.025692	 0.605753
 0.001288	 0.138088
 0.006379	 0.424474
 0.001892	 0.540335
 0.003009	 0.329556
-0.001775	 0.512674
 0.001420	 0.327653
 0.000251	 0.503440
-0.000395	 0.136341
-0.000168	 0.587616
-0.000169	 0.370537
 0.000283	 0.393997
-0.000167	 0.196549
 0.000651	 0.536955
 0.006839	 0.422505
 0.009918	 0.655363
 0.005250	 0.457263
 0.026805	 0.607334
 0.006824	 0.240113
 0.008809	 0.350191
 0.044525	 0.431028
 0.012229	 0.543983
 0.030232	 0.106823
 0.047728	 0.361226
 0.044963	 0.631734
 0.017734	 0.124379
 0.050744	 0.579762
 0.008756	 0.512698
 0.027316	 0.332711
 0.012265	 0.088970
 0.048772	 0.234418
 0.029082	 0.197553
 0.049955	 0.209354
 0.026617	 0.195987
 0.061730	 0.282082
 0.046086	 0.456873
 0.017371	 0.496582
 0.074144	 0.417264
 0.047674	 0.284400
 0.014686	 0.222392
 0.052372	 0.625542
 0.027650	 0.124666
 0.020334	 0.110746
 0.054956	 0.415446
 0.020256	 0.441786
 0.042759	 0.340101
 0.088834	 0.270399
 0.059396	 0.589301
 0.022848	 0.093295
 0.030901	 0.411068
 0.043443	 0.638905
 0.057269	 0.513160
 0.013221	 0.570564
 0.015196	 0.254440
 0.091806	 0.344103
 0.033473	 0.376596
 0.062649	 0.080735
 0.066018	 0.426549
 0.092783	 0.380431
 0.114579	 0.404485
 0.093436	 0.340908
 0.044437	 0.284315
 0.071570	 0.575590
 0.112973	 0.085915
 0.044915	 0.334817
 0.106406	 0.189126
 0.058099	 0.140150
 0.120025	 0.509154
 0.040902	 0.601823
 0.033225	 0.351703
 0.025615	 0.542177
 0.028034	 0.186874
 0.047295	 0.418575
 0.059151	 0.585546
 0.051682	 0.249590
 0.109864	 0.490448
 0.023803	 0.562376
 0.019972	 0.502155
 0.027645	 0.612795
 0.140656	 0.379820
 0.114574	 0.481053
 0.062455	 0.311907
 0.023828	 0.103596
 0.067038	 0.338387
 0.028797	 0.068932
 0.028701	 0.389765
 0.052629	 0.359972
 0.040594	 0.287995
 0.146177	 0.565008
 0.021413	 0.572704
 0.123874	 0.500813
 0.077560	 0.387468
 0.083612	 0.328766
 0.039410	 0.320889
 0.119710	 0.256322
 0.074012	 0.390406
 0.102778	 0.240565
 0.130208	 0.067233
 0.108014	 0.481754
 0.113226	 0.325016
 0.094590	 0.394769
 0.116869	 0.588998
 0.026029	 0.517496
 0.079124	 0.070202
 0.106905	 0.559632
 0.099378	 0.570283
 0.059329	 0.461278
 0.028967	 0.080316
 0.123666	 0.501169
 0.107249	 0.286730
 0.095434	 0.195026
 0.104178	 0.344605
 0.076096	 0.214605
 0.107649	 0.204176
 0.064194	 0.315607
 0.077816	 0.563058
 0.060718	 0.574152
 0.016514	 0.502529
 0.106971	 0.424982
 0.025779	 0.483288
 0.074025	 0.212405
 0.091961	 0.434450
 0.059313	 0.207661
 0.050617	 0.090360
 0.076715	 0.401997
 0.016270	 0.311250
 0.069049	 0.546881
 0.042382	 0.461153
 0.043318	 0.420513
 0.086876	 0.262852
 0.016064	 0.223329
 0.065846	 0.527095
 0.014906	 0.064856
 0.068920	 0.409677
 0.025102	 0.076609
 0.070691	 0.502567
 0.020625	 0.423847
 0.021493	 0.170813
 0.041796	 0.193787
 0.008255	 0.520878
 0.037948	 0.323035
 0.004367	 0.204282
 0.013764	 0.381879
 0.024182	 0.071000
 0.015247	 0.372515
 0.013910	 0.209831
-0.000249	 0.510561
-0.000655	 0.536077
-0.002490	 0.134601
-0.001893	 0.250421
-0.004400	 0.489943
-0.002458	 0.508728
-0.003187	 0.537162
-0.000096	 0.120598
-0.000999	 0.232790
 0.003183	 0.468978
 0.029832	 0.284005
 0.008540	 0.278219
 0.005537	 0.339982
 0.023512	 0.095105
 0.041630	 0.330569
 0.026668	 0.459998
 0.033332	 0.242214
 0.047421	 0.525992
 0.011539	 0.223374
 0.021580	 0.323089
 0.051527	 0.163312
 0.016261	 0.484668
 0.054176	 0.205869
 0.061665	 0.070998
 0.045702	 0.126490
 0.042499	 0.238622
 0.078068	 0.183155
 0.028837	 0.541777
 0.077892	 0.163535
 0.072803	 0.140078
 0.032787	 0.241510
 0.099443	 0.409828
 0.073440	 0.405568
 0.028308	 0.415114
 0.096901	 0.556147
 0.025354	 0.132943
 0.080793	 0.107919
 0.059411	 0.210604
 0.049147	 0.077259
 0.070571	 0.076790
 0.038021	 0.459499
 0.030316	 0.554923
 0.099656	 0.551554
 0.071522	 0.354394
 0.107661	 0.067703
 0.064602	 0.123935
 0.069538	 0.381721
 0.077287	 0.349959
 0.095681	 0.337103
 0.086249	 0.462060
 0.101577	 0.585494
 0.057863	 0.204694
 0.084946	 0.181304
 0.087724	 0.549193
 0.028666	 0.438081
 0.073502	 0.573561
 0.072306	 0.165048
 0.076484	 0.179447
 0.030540	 0.257089
 0.076200	 0.385508
 0.044486	 0.254895
 0.099063	 0.560110
 0.033027	 0.550651
 0.058493	 0.497583
 0.010953	 0.530988
 0.093864	 0.352885
 0.086706	 0.380918
 0.053553	 0.205241
 0.057550	 0.165357
 0.014636	 0.573564
 0.082354	 0.309045
 0.090394	 0.187828
 0.013906	 0.294946
 0.016141	 0.450025
 0.080726	 0.293894
 0.071671	 0.543871
 0.033638	 0.211068
 0.081014	 0.561805
 0.085249	 0.129892
 0.021292	 0.396683
 0.055478	 0.174526
 0.037892	 0.551022
 0.092238	 0.158837
 0.104088	 0.123566
 0.029457	 0.211666
 0.083887	 0.299484
 0.061187	 0.455394
 0.014954	 0.594331
 0.030907	 0.084408
 0.041316	 0.411247
 0.048380	 0.182438
 0.041361	 0.453854
 0.052715	 0.337848
 0.015441	 0.233816
 0.059400	 0.309047
 0.025774	 0.189055
 0.062384	 0.501535
 0.060725	 0.618433
 0.051639	 0.469921
 0.067285	 0.538451
 0.014307	 0.443112
 0.055413	 0.324766
 0.014336	 0.642671
 0.028663	 0.400625
 0.025557	 0.508993
 0.049564	 0.447486
 0.049681	 0.344555
 0.041025	 0.243456
 0.035311	 0.092987
 0.045833	 0.364173
 0.044024	 0.407416
 0.038791	 0.630991
 0.016084	 0.264761
 0.016490	 0.566523
 0.021178	 0.171865
 0.027444	 0.106396
 0.001577	 0.533925
 0.009489	 0.150585
 0.005370	 0.319891
 0.004774	 0.359160
 0.020032	 0.328614
-0.001004	 0.488485
-0.000747	 0.617373
-0.002650	 0.081122
-0.001538	 0.521580
-0.003209	 0.249640
-0.001525	 0.092140
-0.000386	 0.554572
-0.000352	 0.210419
 0.001821	 0.091944
 0.011928	 0.184838
 0.023777	 0.535247
 0.009630	 0.072933
 0.006711	 0.269199
 0.005388	 0.358919
 0.015379	 0.290009
 0.006248	 0.313646
 0.008600	 0.072089
 0.045121	 0.472656
 0.008537	 0.464293
 0.037616	 0.602175
 0.019651	 0.544895
 0.013463	 0.289369
 0.040128	 0.383143
 0.005431	 0.318793
 0.017264	 0.545096
 0.019941	 0.610312
 0.024314	 0.568150
 0.008294	 0.386637
 0.042415	 0.498388
 0.011854	 0.384096
 0.031743	 0.317804
 0.050814	 0.299983
 0.035327	 0.070618
 0.081261	 0.293750
 0.044327	 0.266041
 0.049841	 0.599475
 0.059833	 0.598539
 0.011671	 0.277740
 0.053609	 0.350779
 0.027924	 0.157997
 0.032755	 0.393767
 0.050233	 0.104623
 0.011202	 0.240890
 0.041764	 0.139115
 0.033769	 0.420011
 0.042470	 0.278062
 0.025800	 0.598431
 0.045923	 0.232551
 0.023348	 0.476906
 0.049430	 0.072205
 0.045445	 0.145941
 0.053713	 0.430625
 0.013891	 0.509802
 0.019672	 0.525067
 0.024056	 0.233938
 0.033738	 0.131327
 0.021159	 0.618476
 0.026483	 0.402132
 0.073498	 0.216818
 0.028765	 0.096775
 0.035896	 0.248246
 0.048294	 0.451018
 0.055739	 0.569126
 0.009045	 0.560459
 0.027969	 0.524059
 0.063342	 0.584726
 0.037491	 0.513511
 0.023038	 0.596311
 0.009443	 0.417214
 0.012084	 0.285525
 0.016139	 0.499710
 0.050891	 0.133609
 0.014350	 0.168840
 0.016199	 0.376518
 0.036676	 0.499188
 0.036408	 0.469724
 0.015034	 0.484765
 0.023197	 0.102928
 0.022805	 0.108026
 0.046068	 0.361414
 0.014776	 0.492292
 0.016316	 0.480088
 0.018153	 0.312835
 0.036752	 0.270439
 0.017790	 0.534017
 0.018234	 0.386793
 0.045493	 0.169314
 0.016624	 0.526973
 0.027101	 0.276836
 0.048167	 0.102689
 0.015367	 0.126754
 0.009709	 0.462908
 0.007021	 0.537322
 0.027390	 0.560254
 0.004194	 0.575656
 0.030793	 0.192928
 0.006534	 0.466732
 0.017056	 0.198040
 0.019750	 0.371039
 0.021224	 0.152028
 0.029359	 0.152250
 0.030044	 0.317608
 0.011180	 0.258971
 0.007278	 0.357556
 0.004768	 0.132673
 0.020160	 0.066671
 0.016321	 0.542465
 0.013241	 0.309228
 0.013189	 0.360578
 0.028293	 0.572585
 0.030781	 0.116913
 0.002042	 0.236670
 0.002707	 0.521364
 0.011918	 0.239301
 0.031635	 0.531657
 0.010323	 0.240396
 0.009493	 0.205037
 0.019726	 0.107097
 0.006260	 0.462061
 0.008082	 0.407401
 0.006832	 0.073179
 0.004346	 0.363290
 0.004121	 0.227021
 0.027660	 0.151553
 0.013823	 0.296214
 0.001010	 0.414118
 0.012166	 0.180580
 0.017614	 0.361085
 0.003202	 0.508442
 0.006253	 0.131991
 0.000942	 0.391072
 0.004402	 0.224512
 0.011364	 0.522650
 0.014780	 0.096908
 0.020905	 0.083062
 0.011142	 0.261089
 0.003200	 0.295173
 0.001904	 0.434091
 0.002597	 0.562458
-0.000742	 0.111234
-0.000094	 0.166416
-0.001084	 0.453307
 0.001951	 0.083262
-0.001053	 0.278064
-0.002698	 0.266261
-0.003630	 0.301169
-0.001805	 0.171127
-0.002809	 0.519298
-0.002843	 0.186665
-0.003998	 0.162110
-0.004233	 0.316424
-0.002698	 0.499730
-0.000255	 0.184851
-0.000379	 0.417587
-0.002974	 0.077798
-0.001380	 0.336286
-0.003294	 0.443971
-0.004341	 0.556318
-0.003879	 0.371083
-0.001909	 0.432596
-0.001121	 0.362726
-0.004327	 0.121356
-0.000125	 0.521136
-0.000798	 0.397528
-0.002159	 0.527463
-0.001891	 0.295821
-0.002707	 0.070304
-0.002732	 0.420720
-0.002144	 0.286262
-0.003967	 0.568520
 0.001032	 0.287215
-0.001630	 0.413927
 0.001078	 0.142475
 0.001070	 0.575050
 0.000743	 0.179657
-0.000214	 0.397198
 0.000002	 0.334613
 0.000355	 0.298321
 0.000437	 0.298868
-0.001063	 0.416708
 0.006619	 0.217049
 0.025560	 0.101978
 0.010593	 0.453528
 0.001867	 0.560864
-0.002185	 0.107089
-0.002443	 0.441020
 0.002828	 0.403677
 0.002391	 0.514772
-0.002688	 0.269376
-0.000588	 0.123997
 0.001271	 0.382806
-0.001049	 0.320118
 0.000397	 0.530377
 0.002197	 0.170924
-0.001390	 0.170592
 0.001258	 0.427467
 0.003642	 0.300538
 0.000003	 0.360053
-0.005113	 0.162069
-0.001259	 0.342694
 0.002420	 0.258550
-0.002525	 0.398390
-0.002852	 0.153522
-0.000658	 0.135203
-0.001749	 0.422587
-0.002836	 0.298827
 0.002783	 0.411459
-0.004169	 0.482487
 0.005021	 0.149938
 0.000307	 0.539277
-0.001125	 0.361059
-0.003002	 0.072534
 0.000752	 0.148713
-0.001131	 0.227106
-0.001179	 0.111844
-0.004271	 0.293534
-0.000419	 0.515244
-0.001246	 0.462348
-0.003014	 0.456618
-0.003709	 0.547095
-0.000822	 0.323589
-0.004482	 0.069690
-0.003176	 0.182200
-0.004097	 0.396491
-0.002754	 0.388522
-0.004018	 0.167933
-0.003392	 0.524970
-0.000747	 0.289087
-0.002120	 0.276298
-0.002770	 0.363179
-0.001756	 0.183819
-0.003863	 0.408093
-0.003757	 0.544449
-0.000696	 0.556715
-0.003986	 0.148854
-0.001592	 0.248269
-0.001978	 0.567259
-0.001542	 0.122409
-0.002940	 0.336053
-0.003424	 0.453603
-0.003942	 0.282924
-0.003358	 0.533083
-0.004830	 0.430347
-0.004246	 0.394844
-0.002528	 0.306337
-0.001060	 0.390359
-0.003572	 0.419066
-0.003464	 0.503778
-0.004533	 0.452687
-0.004899	 0.545222
-0.004242	 0.451999
-0.003698	 0.451550
-0.003686	 0.181246
-0.001260	 0.309061
-0.003971	 0.437615
-0.000949	 0.272245
-0.003407	 0.492153
-0.001831	 0.471517
-0.001463	 0.089287
-0.003372	 0.130883
-0.002848	 0.134551
-0.003527	 0.578895
-0.000881	 0.514429
-0.000727	 0.429562
-0.005372	 0.386331
-0.001651	 0.214416
-0.001060	 0.421155
-0.003197	 0.357282
-0.000972	 0.174351
-0.004252	 0.339729
-0.001277	 0.107665
-0.002019	 0.386184
-0.004218	 0.433838
-0.001038	 0.076391
-0.003257	 0.516658
-0.003125	 0.149021
-0.001155	 0.545255
-0.002398	 0.193200
-0.001420	 0.115946
-0.001260	 0.188998
-0.000825	 0.528185
-0.004872	 0.334166
-0.004169	 0.073433
-0.001630	 0.421247
-0.001121	 0.340195
-0.005040	 0.553995
-0.000925	 0.474870
-0.004329	 0.199466
-0.001287	 0.066974
-0.001378	 0.332121
-0.001602	 0.411954
-0.003904	 0.134246
-0.004009	 0.273291
-0.004840	 0.144633
-0.004361	 0.242577
-0.004897	 0.082635
-0.004655	 0.259898
-0.005069	 0.158588
-0.003800	 0.273294
-0.001304	 0.071837
-0.001799	 0.105418
-0.001180	 0.577682
-0.004640	 0.317585
-0.004644	 0.198770
-0.001377	 0.345795
-0.003075	 0.389459
-0.002333	 0.314112
-0.004787	 0.493293
-0.001984	 0.344411
-0.002505	 0.294467
-0.002425	 0.268898
-0.004200	 0.153575
-0.002380	 0.268353
-0.004708	 0.314542
-0.000867	 0.574585
-0.003326	 0.188119
-0.005080	 0.347791
-0.003398	 0.364623
-0.001506	 0.421660
-0.004113	 0.469535
-0.004418	 0.094715
-0.001988	 0.252095
-0.004636	 0.577558
-0.001182	 0.438153
-0.002884	 0.105896
-0.001693	 0.205042
-0.004967	 0.449609
-0.003124	 0.507137
-0.004680	 0.335911
-0.000630	 0.171401
-0.003311	 0.379240
-0.003700	 0.164163
-0.003292	 0.200867
-0.003404	 0.414670
-0.004015	 0.365757
-0.001949	 0.203827
-0.002591	 0.492170
-0.000646	 0.568703
-0.003816	 0.393682
-0.003442	 0.369510
-0.003447	 0.532958
-0.001023	 0.485682
-0.002072	 0.067619
-0.004622	 0.334014
-0.002222	 0.517085
-0.001444	 0.222206
-0.002565	 0.496396
-0.004750	 0.104668
-0.003995	 0.323291
-0.001012	 0.507164
-0.001550	 0.128646
-0.004901	 0.070495
-0.001021	 0.213606
-0.001458	 0.503649
-0.003482	 0.500488
-0.002953	 0.118413
-0.002870	 0.349670
-0.004812	 0.557768
-0.001940	 0.079111
-0.002043	 0.422502
-0.002029	 0.202136
-0.003710	 0.467668
-0.002532	 0.554557
-0.000988	 0.086540
-0.001292	 0.152298
-0.001093	 0.547419
-0.003912	 0.090586
-0.002346	 0.341869
-0.004597	 0.586440
-0.002880	 0.244796
-0.004568	 0.223231
-0.000691	 0.505241
-0.002881	 0.531147
-0.002400	 0.345368
-0.005001	 0.236796
-0.004720	 0.541001
-0.001042	 0.065206
-0.004298	 0.085891
-0.003630	 0.354228
-0.005153	 0.500035
-0.003550	 0.348613
-0.004611	 0.143620
-0.001806	 0.215766
-0.004881	 0.449631
-0.002491	 0.243682
-0.004706	 0.189642
-0.002279	 0.479639
-0.004944	 0.499177
-0.003325	 0.268680
-0.004279	 0.188611
-0.003082	 0.297296
-0.003415	 0.401383
-0.001294	 0.221277
-0.003641	 0.442708
-0.003424	 0.533440
-0.001462	 0.326270
-0.001802	 0.116359
-0.001353	 0.165895
-0.002324	 0.512032
-0.003144	 0.265042
-0.003009	 0.325433
-0.000635	 0.377135
-0.004828	 0.433579
-0.001839	 0.421845
-0.001331	 0.578277
-0.004031	 0.397271
-0.004136	 0.094213
-0.000678	 0.543510
-0.003074	 0.208124
-0.004721	 0.512509
-0.004579	 0.075188
-0.002159	 0.279576
-0.004075	 0.453286
-0.004823	 0.420829
-0.001197	 0.301341
-0.004385	 0.405204
-0.001538	 0.070855
-0.003594	 0.075170
-0.001237	 0.104809
-0.003687	 0.232472
-0.002502	 0.512816
-0.003658	 0.264835
-0.000897	 0.497786
-0.002375	 0.271410
-0.002161	 0.516552
-0.001233	 0.551145
-0.004782	 0.164735
-0.000929	 0.223020
-0.003342	 0.372147
-0.001884	 0.107320
-0.001921	 0.290686
-0.004927	 0.446578
-0.002826	 0.526981
-0.002499	 0.427844
